207 377
200 204 1
134 148 1
35 49 1
141 142 1
173 187 1
17 31 1
45 59 1
85 99 1
132 146 1
25 39 1
200 206 1
168 169 1
51 65 1
76 90 1
101 102 1
53 66 1
10 24 1
35 48 1
60 74 1
62 63 1
40 41 1
126 140 1
116 129 1
124 125 1
32 46 1
15 29 1
51 52 1
56 71 1
7 8 1
89 104 1
100 114 1
137 151 1
172 187 1
93 106 1
157 158 1
42 43 1
134 147 1
150 164 1
166 180 1
152 165 1
156 170 1
149 150 1
23 37 1
16 30 1
79 80 1
113 127 1
186 187 1
11 12 1
151 152 1
77 78 1
8 22 1
72 86 1
96 109 1
107 122 1
144 158 1
21 36 1
70 84 1
184 185 1
118 119 1
128 143 1
191 199 1
130 131 1
57 58 1
197 203 1
198 202 1
176 177 1
18 19 1
67 68 1
132 133 1
139 153 1
25 38 1
86 87 1
94 108 1
91 105 1
15 16 1
163 176 1
64 78 1
144 159 1
129 130 1
78 92 1
32 33 1
90 91 1
155 169 1
113 114 1
182 183 1
53 67 1
193 194 1
161 175 1
93 94 1
21 22 1
6 20 1
46 47 1
55 204 1
133 147 1
169 182 1
181 195 1
163 178 1
96 110 1
4 5 1
59 60 1
101 115 1
179 192 1
69 200 1
96 97 1
190 199 1
58 71 1
24 25 1
107 121 1
145 146 1
135 136 1
30 44 1
118 133 1
161 162 1
123 138 1
1 2 1
26 40 1
189 190 1
145 159 1
80 81 1
154 168 1
73 74 1
87 102 1
97 111 1
75 89 1
95 108 1
117 131 1
1 15 1
103 117 1
115 116 1
33 34 1
122 136 1
68 82 1
184 198 1
89 90 1
179 193 1
155 156 1
52 66 1
135 149 1
95 109 1
26 27 1
87 88 1
12 26 1
167 181 1
105 119 1
36 49 1
188 201 1
5 6 1
50 51 1
114 115 1
43 57 1
125 203 1
65 80 1
140 154 1
47 61 1
28 29 1
177 191 1
107 108 1
160 174 1
187 188 1
34 48 1
178 192 1
124 138 1
119 120 1
17 18 1
142 143 1
83 97 1
120 121 2
166 167 2
14 28 2
54 55 2
174 188 2
125 139 2
60 61 2
114 128 2
175 189 2
92 106 2
81 95 2
157 171 2
30 31 2
74 88 2
138 151 2
171 185 2
58 72 2
149 162 2
75 88 2
48 63 2
41 54 2
8 9 2
126 127 2
2 3 2
37 38 2
56 70 2
69 83 2
28 43 2
174 175 2
84 99 2
4 18 2
112 126 2
153 166 2
9 10 2
98 112 2
110 124 2
13 27 2
0 14 2
190 205 3
182 196 3
42 56 3
183 196 7
155 168 3
84 85 5
140 141 5
0 1 6
172 173 2
64 77 3
28 44 6
84 98 7
168 170 7
196 202 10
100 112 10
0 3 12
56 73 10
204 206 1
147 148 2
172 186 2
7 22 2
38 39 3
76 91 3
123 137 4
103 104 4
194 195 5
164 165 5
19 20 5
111 197 6
11 13 6
201 205 7
168 182 3
112 127 5
140 142 6
23 50 8
45 62 11
79 82 11
56 57 4
71 84 4
28 42 5
112 113 7
0 2 8
196 198 9
52 65 2
116 130 3
173 186 3
177 178 3
66 67 3
33 46 3
35 36 3
27 41 3
55 69 3
109 110 3
145 160 4
167 180 4
127 140 6
0 29 8
184 196 11
48 49 1
151 165 3
33 47 3
94 95 3
133 134 3
90 104 3
190 191 3
100 115 3
60 73 3
154 155 3
67 81 3
93 107 3
133 146 3
115 129 3
192 193 4
83 111 4
105 120 4
158 159 4
137 152 4
24 39 4
144 157 4
148 162 4
5 20 4
16 17 4
102 103 4
170 171 4
76 77 4
50 64 4
106 121 4
135 150 4
118 132 4
141 143 4
61 75 4
40 54 5
31 32 5
180 181 5
7 21 5
53 68 5
19 34 5
9 23 5
85 86 5
185 202 5
161 176 5
12 13 5
123 136 5
179 194 5
163 164 5
10 11 5
139 203 6
44 45 6
98 99 6
101 117 6
79 92 6
189 199 6
4 6 6
156 183 7
55 200 3
97 110 3
69 204 3
173 188 3
128 142 4
186 201 4
108 122 4
59 73 4
116 131 4
3 16 4
82 83 4
49 63 4
160 175 4
14 29 4
70 71 4
72 87 4
152 153 5
37 52 5
61 62 5
180 195 6
125 197 6
189 205 7
69 206 4
132 147 4
163 177 4
185 198 4
27 40 4
100 113 4
149 164 4
50 65 4
15 30 4
51 66 4
137 138 4
169 183 4
79 81 4
171 184 4
32 47 4
34 35 4
129 143 4
176 178 4
18 31 4
91 104 4
75 76 4
121 122 4
59 74 4
45 46 4
5 19 4
44 57 4
26 41 4
134 162 4
10 25 4
89 103 4
92 93 4
88 102 4
128 141 4
144 145 4
117 130 4
63 77 4
124 203 4
10000
0
0
0
0
0
0
0
0
0
0
0
0
0
0
0
0
0
0
0
0
0
0
0
0
0
0
0
0
0
0
0
0
0
0
0
0
0
0
0
0
0
0
0
0
0
0
0
0
0
0
0
0
0
0
0
0
0
0
0
0
0
0
0
0
0
0
0
0
0
0
0
0
0
0
0
0
0
0
0
0
0
0
0
0
0
0
0
0
0
0
0
0
0
0
0
0
0
0
0
0
0
0
0
0
0
0
0
0
0
0
0
0
0
0
0
0
0
0
0
0
0
0
0
0
0
0
0
0
0
0
0
0
0
0
0
0
0
0
0
0
0
0
0
0
0
0
0
0
0
0
0
0
0
0
0
0
0
0
0
0
0
0
0
0
0
0
0
0
0
0
0
0
0
0
0
0
0
0
0
0
0
0
0
0
0
0
0
0
0
0
0
0
0
0
0
0
0
0
0
0
0
0
0
0
0
0
0
0
0
0
0
0
0
0
0
0
0
0
0
0
0
0
0
0
0
0
0
0
0
0
0
0
0
0
0
0
0
0
0
0
0
0
0
0
0
0
0
0
0
0
0
0
0
0
0
0
0
0
0
0
0
0
0
0
0
0
0
0
0
0
0
0
0
0
0
0
0
0
0
0
0
0
0
0
0
0
0
0
0
0
0
0
0
0
0
0
0
0
0
0
0
0
0
0
0
0
0
0
0
0
0
1
161 41 0
0
0
0
0
0
0
0
0
2
91 77 2
25 192 1
0
0
0
0
0
0
0
0
0
0
0
0
0
0
0
2
197 108 4
54 77 3
0
1
52 105 5
0
0
0
0
0
0
0
0
0
0
0
0
0
2
179 161 7
166 142 6
0
0
0
3
138 107 10
136 206 9
134 55 8
0
0
0
0
0
0
0
0
0
0
0
0
0
0
2
169 79 12
128 27 11
0
0
0
0
0
0
0
0
0
0
0
0
0
0
0
0
0
0
0
0
0
0
1
190 105 13
0
0
0
0
0
0
0
0
0
0
0
0
0
0
0
0
0
0
0
0
0
0
0
0
0
0
0
0
0
0
1
16 38 14
0
0
0
0
0
0
0
0
0
0
0
0
0
0
0
0
0
0
0
0
0
0
0
0
0
0
0
0
0
0
0
0
0
0
0
0
0
0
0
0
0
0
2
153 204 16
121 159 15
0
0
2
177 193 18
90 50 17
0
0
0
0
0
0
0
0
0
0
0
0
0
0
0
0
0
0
0
0
0
0
0
0
0
0
0
0
0
0
0
0
0
0
0
0
0
0
0
0
0
0
0
0
0
0
0
0
1
118 125 19
0
0
0
0
0
0
0
0
0
0
0
0
0
0
0
0
0
0
0
0
0
0
0
0
0
0
0
0
0
0
0
0
0
0
0
0
0
0
0
0
0
0
0
0
0
0
0
0
0
0
0
0
0
0
0
0
0
0
0
0
0
0
0
0
0
0
0
0
0
0
0
0
0
0
0
2
194 185 21
42 123 20
0
0
0
0
0
0
0
0
2
170 117 23
59 160 22
0
0
0
0
0
0
0
0
0
0
0
0
0
0
0
0
0
0
0
0
0
0
1
46 173 24
2
147 205 26
22 11 25
0
0
0
0
0
0
0
0
0
0
0
2
177 76 28
143 44 27
0
0
0
0
2
158 178 30
12 65 29
0
0
0
0
0
0
0
0
0
0
0
0
0
0
0
0
0
0
0
0
1
72 43 31
0
2
174 147 33
160 125 32
0
0
0
0
0
0
0
0
0
2
136 187 35
108 65 34
0
0
0
0
0
0
0
0
0
0
0
3
53 126 38
29 67 37
22 118 36
0
0
0
0
0
0
0
0
0
0
0
0
0
0
0
0
0
0
0
0
0
0
0
0
0
1
29 205 39
0
0
0
0
0
0
0
0
0
0
0
0
0
0
0
0
0
0
0
0
0
0
0
0
0
0
0
0
0
0
0
0
2
130 54 41
1 98 40
0
0
0
0
1
127 16 42
0
0
0
0
0
0
0
0
0
0
0
0
0
0
0
0
0
1
194 29 43
0
0
0
0
0
0
0
0
0
0
0
0
0
0
0
0
1
26 35 44
0
0
0
0
0
0
0
0
0
0
0
0
0
0
0
0
0
0
0
0
0
0
0
0
0
0
1
57 89 45
0
0
0
0
0
0
0
0
0
0
0
0
0
0
0
0
0
0
0
0
0
0
0
0
0
0
0
0
0
0
0
0
0
0
0
0
0
1
87 77 46
0
0
0
0
0
0
0
0
0
0
0
0
0
0
0
0
0
0
0
0
0
0
0
0
0
0
0
0
0
2
195 98 48
29 84 47
1
175 176 49
0
0
0
0
2
134 151 51
9 118 50
0
0
0
0
0
0
0
0
0
0
0
0
0
0
0
0
0
0
0
0
0
0
0
0
0
0
0
0
0
0
0
0
0
0
0
0
0
0
0
0
2
98 180 53
60 75 52
0
0
0
0
0
1
28 204 54
0
0
0
0
0
0
0
0
0
0
0
0
0
0
0
0
0
0
0
0
0
0
0
0
0
0
0
0
0
0
0
0
0
0
0
0
0
0
0
0
0
0
0
0
0
0
0
0
0
0
0
0
0
0
0
0
0
0
0
0
0
0
0
0
0
0
0
0
0
1
7 127 55
0
0
0
0
0
0
0
0
1
19 60 56
3
172 124 59
109 102 58
58 76 57
0
0
0
0
0
0
0
0
0
0
0
1
43 135 60
0
0
1
43 15 61
0
0
1
182 186 62
0
0
0
0
0
0
0
0
1
188 49 63
0
0
0
0
0
0
0
0
0
0
0
0
0
0
0
0
0
0
0
0
0
0
0
0
0
0
0
0
0
0
0
0
0
0
0
0
0
0
0
0
0
0
0
0
0
0
0
0
1
150 195 64
0
0
0
0
0
0
0
0
0
0
0
0
0
0
0
2
44 97 66
4 119 65
0
0
0
0
0
0
0
0
0
0
0
0
0
0
0
0
0
0
0
0
0
0
0
0
0
0
0
0
0
0
0
0
0
0
0
0
0
0
4
195 105 70
175 40 69
152 137 68
121 0 67
0
2
78 94 72
73 114 71
0
4
203 50 76
161 198 75
114 122 74
36 81 73
3
139 66 79
111 29 78
36 64 77
0
0
0
0
0
0
0
0
0
2
87 124 81
58 140 80
0
0
0
0
0
0
0
1
101 170 82
0
0
0
0
1
153 23 83
0
2
164 138 85
155 87 84
0
0
0
0
0
0
0
0
0
0
0
0
0
0
0
0
0
0
0
0
0
0
0
0
2
195 56 87
60 199 86
0
1
199 14 88
0
2
125 169 90
53 200 89
0
2
74 63 92
55 44 91
1
47 113 93
0
0
0
0
0
0
0
0
0
0
0
0
2
206 165 95
22 138 94
0
0
0
0
0
0
0
0
1
158 140 96
0
0
0
0
0
0
0
0
0
0
0
0
1
121 106 97
0
0
0
0
0
0
0
0
0
0
0
0
0
0
2
105 72 99
95 115 98
0
0
1
178 187 100
0
0
0
0
0
0
0
0
0
0
0
0
0
0
0
0
0
0
0
0
0
0
0
0
0
0
0
0
4
179 142 104
58 124 103
20 83 102
14 114 101
0
0
0
0
0
0
0
0
0
0
0
0
1
102 109 105
0
0
0
0
0
0
0
0
1
149 100 106
0
0
0
0
0
0
0
0
2
117 65 108
100 76 107
1
161 137 109
0
0
0
0
0
0
0
0
0
0
0
0
0
0
0
0
2
160 111 111
52 118 110
0
0
0
0
2
52 61 113
32 43 112
0
0
1
82 15 114
0
0
0
0
0
1
42 155 115
0
0
0
0
0
0
0
0
1
158 128 116
0
0
0
1
166 172 117
0
0
0
0
0
3
176 179 120
62 144 119
27 77 118
0
0
0
0
0
0
0
0
0
0
0
0
1
164 162 121
0
0
0
1
112 104 122
0
0
0
0
0
0
0
0
0
0
0
0
0
0
1
49 161 123
0
0
0
0
0
0
3
191 130 126
83 1 125
62 52 124
0
0
0
0
0
1
204 82 127
3
98 40 130
85 152 129
75 13 128
0
0
0
0
0
0
1
60 51 131
0
0
0
0
0
0
0
0
0
0
3
149 91 134
138 13 133
90 160 132
0
0
0
1
9 178 135
0
0
0
0
0
0
0
0
0
0
0
2
133 44 137
46 142 136
3
178 117 140
97 73 139
89 65 138
1
132 128 141
0
0
0
0
0
0
1
13 171 142
0
0
0
0
0
0
0
0
0
0
0
0
0
0
0
0
0
0
0
0
0
0
0
0
0
0
0
0
0
0
0
0
0
0
0
0
0
2
132 58 144
80 140 143
0
2
137 99 146
94 80 145
0
0
1
181 158 147
0
0
0
0
0
0
0
0
0
0
0
0
1
13 196 148
0
0
0
0
0
1
174 173 149
0
0
0
0
0
0
0
0
2
187 45 151
157 127 150
0
0
0
0
0
1
174 110 152
0
2
128 205 154
30 80 153
0
0
0
0
0
0
0
0
0
0
0
0
0
2
128 199 156
98 63 155
0
0
0
0
0
0
1
100 35 157
0
0
0
0
0
0
0
1
39 9 158
1
130 86 159
0
0
0
0
0
0
0
0
0
0
0
0
1
128 72 160
0
0
0
0
0
0
0
0
0
0
0
0
0
0
0
0
0
0
0
0
0
0
0
0
0
0
0
0
0
0
0
0
0
0
0
0
0
0
0
0
0
0
0
0
0
0
0
0
0
0
0
0
0
0
0
0
0
1
130 122 161
0
0
0
0
0
0
1
201 29 162
0
0
0
0
0
0
0
0
0
1
38 23 163
0
0
0
0
0
3
156 112 166
67 192 165
46 180 164
0
0
0
0
0
0
0
0
0
0
1
167 136 167
0
0
0
0
0
0
0
0
0
2
166 63 169
100 113 168
1
104 102 170
0
0
0
0
0
0
0
0
0
0
0
0
0
0
2
99 82 172
21 1 171
0
0
0
0
0
0
0
0
0
0
0
0
0
0
1
89 180 173
0
0
0
0
0
0
0
0
0
0
0
0
0
0
0
0
0
0
0
0
0
0
0
0
0
2
57 36 175
14 122 174
0
0
0
0
0
0
0
0
0
0
0
0
1
206 62 176
0
0
0
0
2
40 45 178
2 204 177
3
60 188 181
32 68 180
3 117 179
0
0
0
0
0
1
17 72 182
0
0
1
56 102 183
0
0
0
0
0
0
0
0
0
0
0
0
3
156 182 186
99 27 185
44 196 184
0
0
0
0
2
140 203 188
31 2 187
0
0
0
0
0
0
0
0
0
0
0
0
0
0
0
0
0
0
0
0
0
0
0
0
0
0
0
0
0
0
0
0
0
0
0
0
0
0
2
182 7 190
156 163 189
0
0
0
0
0
0
0
0
0
0
2
159 112 192
56 143 191
0
0
0
0
0
0
2
73 124 194
58 66 193
0
0
0
1
122 145 195
0
0
0
0
0
0
0
0
0
0
0
2
131 23 197
94 50 196
0
0
0
0
0
0
0
0
1
161 8 198
0
1
201 56 199
0
0
0
0
0
0
0
0
0
0
0
0
0
3
122 99 202
80 38 201
5 52 200
0
0
0
0
0
0
0
1
115 194 203
1
198 141 204
0
0
2
102 168 206
77 202 205
0
0
0
0
2
194 13 208
131 187 207
0
0
1
132 98 209
0
0
5
206 91 214
158 151 213
155 109 212
114 69 211
112 19 210
0
0
1
19 58 215
0
1
74 42 216
0
0
0
2
125 95 218
63 38 217
2
198 26 220
74 26 219
0
0
0
0
0
0
0
0
0
0
0
0
2
33 67 222
10 94 221
0
0
0
0
0
0
0
0
0
0
1
81 17 223
0
0
0
0
0
0
0
0
0
0
0
2
178 197 225
56 194 224
2
133 13 227
46 184 226
0
1
138 137 228
0
0
0
0
0
0
0
0
0
0
0
0
0
0
0
0
2
188 203 230
132 189 229
0
0
0
0
0
0
0
0
0
2
135 203 232
114 18 231
0
1
46 81 233
0
0
2
83 68 235
72 185 234
0
0
0
0
0
0
0
0
2
199 114 237
66 104 236
0
0
0
0
1
179 2 238
0
0
3
133 59 241
73 183 240
72 29 239
0
0
0
0
0
0
0
0
0
1
130 172 242
0
0
0
1
33 92 243
1
144 37 244
1
60 160 245
0
0
0
0
0
0
0
0
0
3
115 174 248
109 13 247
13 96 246
0
0
2
190 35 250
128 110 249
0
0
0
1
70 121 251
1
206 93 252
0
0
0
0
1
0 38 253
2
46 12 255
7 40 254
0
0
0
1
90 28 256
0
0
1
185 83 257
0
3
141 184 260
69 91 259
2 43 258
0
0
1
15 162 261
1
181 118 262
0
0
0
0
1
27 14 263
1
141 49 264
2
102 153 266
73 140 265
0
0
0
2
162 173 268
129 191 267
0
1
15 85 269
2
190 79 271
32 58 270
0
0
0
1
133 38 272
2
141 73 274
44 16 273
1
25 7 275
1
117 37 276
0
1
144 37 277
0
0
0
2
189 204 279
151 86 278
2
159 10 281
124 26 280
0
0
0
0
1
91 81 282
0
2
139 171 284
22 78 283
0
0
0
0
0
2
82 19 286
75 3 285
0
0
0
1
54 131 287
2
115 81 289
12 7 288
0
0
1
84 65 290
0
0
0
0
0
0
0
0
0
0
0
0
2
73 158 292
24 162 291
0
1
158 183 293
0
0
0
0
0
0
3
188 88 296
103 82 295
29 133 294
0
0
0
0
0
0
0
0
0
0
0
1
160 49 297
0
0
0
0
0
0
0
1
165 69 298
0
0
1
78 172 299
0
0
0
1
174 206 300
1
121 70 301
1
64 60 302
0
0
0
3
174 200 305
120 1 304
28 108 303
0
0
0
0
0
0
0
0
0
2
177 142 307
5 120 306
0
0
0
0
0
3
199 126 310
89 170 309
27 131 308
4
81 63 314
64 93 313
57 86 312
7 191 311
0
0
0
0
0
2
93 127 316
84 27 315
0
0
0
1
50 165 317
1
203 27 318
0
0
2
144 122 320
57 165 319
3
54 175 323
47 200 322
1 133 321
0
2
203 194 325
63 158 324
0
0
0
0
0
0
1
195 76 326
0
0
0
0
0
0
0
0
0
0
1
122 47 327
0
0
1
99 30 328
0
0
0
4
169 81 332
167 149 331
80 61 330
79 17 329
1
13 163 333
1
10 109 334
0
0
0
0
1
16 168 335
0
0
0
1
85 193 336
0
1
189 147 337
3
97 95 340
93 156 339
79 43 338
0
0
0
0
0
0
0
2
165 76 342
3 195 341
0
0
0
0
1
22 15 343
0
0
0
0
0
2
164 103 345
49 163 344
0
0
0
0
0
0
0
0
0
0
0
0
0
0
0
1
190 145 346
0
0
0
0
2
178 72 348
147 140 347
0
1
66 167 349
0
0
0
0
1
44 189 350
0
0
0
0
0
0
0
1
60 42 351
0
0
0
0
0
2
164 189 353
149 31 352
1
46 110 354
0
0
1
157 172 355
0
0
0
0
0
0
0
0
0
0
0
0
0
0
0
0
0
0
0
0
0
0
0
0
0
0
1
30 130 356
0
0
0
1
137 29 357
0
0
2
192 169 359
88 139 358
0
0
1
92 156 360
1
139 188 361
0
0
2
88 184 363
61 72 362
1
22 147 364
0
0
0
1
34 72 365
0
0
0
0
0
0
0
1
58 129 366
0
0
0
0
2
113 10 368
69 169 367
0
0
2
174 99 370
124 187 369
1
14 1 371
0
0
0
0
0
1
191 105 372
0
0
0
0
0
0
0
0
0
1
8 72 373
0
0
0
0
0
0
0
0
0
0
0
1
184 149 374
0
0
0
0
0
5
186 18 379
161 85 378
102 162 377
35 148 376
33 99 375
0
1
178 78 380
0
2
97 98 382
17 170 381
0
0
0
0
0
0
2
152 122 384
101 128 383
0
0
1
117 191 385
0
0
0
0
0
0
0
0
0
2
143 102 387
46 104 386
2
114 204 389
76 59 388
1
179 53 390
1
153 160 391
1
61 199 392
1
141 37 393
0
2
142 68 395
75 66 394
1
14 115 396
1
113 149 397
0
0
0
1
36 102 398
0
0
3
203 179 401
145 165 400
124 83 399
1
106 182 402
0
0
2
181 47 404
42 58 403
0
0
0
0
0
0
0
0
0
0
0
0
0
0
0
1
81 156 405
0
0
0
4
193 62 409
191 179 408
107 8 407
9 18 406
0
1
124 45 410
0
2
88 47 412
54 143 411
1
134 11 413
1
196 118 414
0
0
0
0
1
19 36 415
0
0
0
0
0
1
118 96 416
0
0
0
0
0
0
0
0
0
1
66 162 417
0
0
0
0
0
1
48 110 418
0
0
0
0
0
0
0
0
2
187 105 420
75 184 419
2
90 59 422
70 52 421
1
156 104 423
2
190 151 425
142 87 424
2
197 31 427
145 38 426
0
0
0
0
0
0
3
80 134 430
78 154 429
69 92 428
0
0
0
0
0
0
1
92 58 431
0
0
3
158 157 434
154 120 433
92 27 432
0
0
0
0
0
0
0
0
1
122 17 435
0
0
0
0
0
1
110 20 436
0
0
0
1
59 24 437
0
0
0
0
0
0
0
1
175 178 438
1
18 86 439
0
0
0
2
90 153 441
16 93 440
0
0
0
0
0
0
0
0
0
3
199 121 444
28 86 443
15 91 442
2
46 163 446
37 68 445
0
0
0
0
2
165 166 448
114 72 447
1
171 89 449
0
0
0
1
111 30 450
0
0
1
37 160 451
0
0
0
0
0
0
1
73 1 452
0
1
93 7 453
0
0
0
0
0
0
0
0
0
0
0
0
0
0
0
0
0
0
0
0
0
0
0
0
1
161 206 454
1
83 18 455
1
111 3 456
0
2
60 51 458
24 31 457
0
0
0
0
0
0
0
0
1
118 188 459
0
0
3
196 170 462
126 150 461
72 149 460
1
76 52 463
0
1
47 31 464
0
0
0
0
0
1
9 163 465
0
0
0
0
0
0
1
99 23 466
1
171 182 467
0
0
0
0
0
0
0
2
119 157 469
110 104 468
0
1
192 74 470
0
0
0
0
0
0
0
0
0
0
0
0
0
0
1
189 182 471
0
0
0
0
0
0
0
0
0
0
0
0
0
0
0
1
130 41 472
0
0
0
0
0
0
0
0
0
0
2
123 173 474
19 201 473
1
172 69 475
1
158 54 476
3
202 131 479
182 97 478
1 73 477
0
0
0
0
1
171 18 480
0
1
16 173 481
0
0
1
34 65 482
0
3
117 165 485
96 183 484
80 51 483
0
0
0
0
0
0
0
0
0
0
0
0
1
60 135 486
0
0
1
73 167 487
0
3
192 45 490
116 144 489
57 39 488
0
1
196 26 491
0
0
0
0
2
197 123 493
58 40 492
0
0
0
3
185 169 496
117 118 495
46 115 494
1
204 88 497
0
0
0
0
4
206 163 501
149 66 500
19 166 499
10 16 498
0
2
92 29 503
31 39 502
0
0
0
0
0
0
0
0
0
0
0
0
0
0
0
0
0
0
0
0
2
155 96 505
37 126 504
0
2
183 92 507
28 117 506
1
11 195 508
0
1
83 179 509
0
0
0
1
187 128 510
0
0
0
0
1
103 189 511
0
0
0
0
0
1
44 176 512
0
0
0
3
187 195 515
123 165 514
24 121 513
0
0
1
42 85 516
0
0
0
2
181 203 518
4 7 517
1
8 106 519
2
143 28 521
82 140 520
0
0
1
73 92 522
0
3
146 31 525
46 97 524
15 23 523
2
176 100 527
156 103 526
0
0
0
4
199 1 531
103 127 530
18 125 529
4 68 528
2
73 33 533
51 183 532
0
2
175 121 535
115 161 534
3
173 204 538
113 115 537
14 92 536
0
1
116 83 539
0
0
0
0
0
0
0
1
85 4 540
1
194 42 541
0
0
1
29 166 542
0
0
0
1
31 120 543
0
0
1
40 9 544
0
0
0
1
73 19 545
0
4
185 152 549
165 201 548
46 198 547
34 160 546
0
2
190 180 551
69 40 550
3
205 176 554
163 147 553
23 45 552
1
45 137 555
0
0
0
0
0
0
1
143 59 556
1
161 80 557
0
0
0
0
0
0
0
2
81 58 559
53 175 558
2
140 57 561
44 0 560
0
0
0
0
0
0
0
1
41 44 562
0
0
0
1
60 103 563
0
0
0
2
63 28 565
57 101 564
2
127 170 567
75 182 566
0
2
190 158 569
132 137 568
0
0
0
0
0
1
32 169 570
0
2
172 33 572
8 133 571
0
1
31 96 573
0
2
156 42 575
125 110 574
0
0
0
0
0
0
0
2
64 127 577
31 96 576
1
149 86 578
3
184 151 581
72 176 580
17 178 579
1
202 128 582
0
1
158 29 583
0
0
1
126 125 584
0
1
22 170 585
0
0
0
1
61 27 586
4
160 165 590
97 82 589
46 158 588
45 11 587
0
2
143 149 592
5 124 591
2
99 101 594
9 182 593
0
1
31 0 595
0
0
0
0
0
2
203 43 597
7 165 596
0
0
1
185 25 598
1
168 179 599
0
0
2
199 16 601
180 185 600
3
201 23 604
137 193 603
46 145 602
3
135 199 607
77 99 606
64 74 605
0
0
0
0
0
0
0
2
159 156 609
60 40 608
0
0
0
0
2
124 55 611
113 134 610
0
0
0
4
197 6 615
193 173 614
185 69 613
54 7 612
1
184 156 616
1
121 7 617
1
89 38 618
0
0
0
1
34 157 619
0
0
1
60 25 620
0
0
0
0
0
0
0
0
0
0
0
0
0
1
31 18 621
0
0
1
170 27 622
0
1
56 84 623
0
0
0
1
22 183 624
0
0
1
83 54 625
0
0
0
2
159 66 627
73 171 626
0
0
0
0
0
1
173 145 628
0
0
0
0
0
0
1
85 90 629
0
1
41 166 630
0
0
0
1
141 93 631
0
0
0
3
188 20 634
136 152 633
63 3 632
0
0
0
0
0
0
0
1
185 162 635
0
0
0
0
0
0
0
0
0
2
134 125 637
33 120 636
0
1
6 111 638
0
0
0
2
186 43 640
135 194 639
0
0
1
110 74 641
0
0
0
0
1
61 166 642
2
81 50 644
78 119 643
2
83 51 646
50 206 645
0
0
0
0
0
0
0
0
1
163 64 647
0
0
0
0
0
0
2
184 178 649
120 33 648
2
80 103 651
15 48 650
0
0
1
17 183 652
0
0
1
58 89 653
0
2
46 50 655
4 51 654
0
1
88 56 656
1
147 195 657
0
0
2
117 58 659
19 21 658
0
0
0
0
2
101 16 661
46 147 660
2
167 166 663
33 194 662
0
0
0
0
0
0
0
0
2
105 119 665
26 41 664
1
32 65 666
0
1
160 169 667
0
0
0
0
0
2
150 192 669
34 183 668
0
0
0
0
0
1
186 175 670
0
0
0
0
0
0
2
91 141 672
59 206 671
0
0
2
173 151 674
49 58 673
0
0
1
74 40 675
0
2
70 168 677
24 31 676
3
75 94 680
41 87 679
37 59 678
1
24 159 681
0
0
2
161 116 683
142 166 682
2
47 134 685
46 5 684
0
0
0
2
122 81 687
28 187 686
0
0
1
84 45 688
0
0
0
1
30 166 689
0
1
71 26 690
1
169 90 691
0
3
58 108 694
42 97 693
20 83 692
3
109 7 697
55 59 696
22 135 695
0
0
0
0
0
0
1
106 151 698
1
196 152 699
1
22 95 700
0
0
0
0
3
163 171 703
149 144 702
68 158 701
0
0
0
0
0
1
110 11 704
0
0
0
0
1
137 154 705
0
0
0
0
0
0
0
1
91 94 706
0
0
0
1
195 69 707
1
23 73 708
2
206 110 710
168 130 709
0
0
0
0
1
32 20 711
1
186 27 712
0
0
0
0
0
1
50 42 713
0
2
100 77 715
61 12 714
0
1
140 195 716
0
0
0
0
0
1
109 156 717
0
0
0
0
3
109 201 720
63 194 719
44 72 718
0
2
138 177 722
111 149 721
0
0
1
42 145 723
0
0
1
99 131 724
0
0
0
0
0
0
0
0
1
186 5 725
1
150 100 726
0
0
0
1
61 36 727
0
0
0
0
0
3
156 200 730
111 79 729
73 183 728
1
170 147 731
0
0
0
0
0
1
32 131 732
0
1
144 191 733
1
17 131 734
0
0
0
0
0
3
175 77 737
149 77 736
145 187 735
0
0
0
0
0
3
95 54 740
47 205 739
45 17 738
0
0
0
1
109 57 741
1
147 190 742
0
0
1
177 35 743
2
205 104 745
33 196 744
0
0
1
51 177 746
2
123 139 748
70 19 747
0
1
37 63 749
0
2
135 26 751
75 175 750
0
2
187 180 753
98 24 752
1
140 54 754
1
25 174 755
1
81 141 756
0
3
197 190 759
134 198 758
43 67 757
0
0
0
0
2
84 157 761
14 65 760
0
0
0
0
0
1
61 65 762
1
37 136 763
0
4
175 88 767
157 36 766
109 70 765
103 76 764
1
156 122 768
1
136 7 769
2
189 12 771
181 146 770
2
61 93 773
51 55 772
0
0
0
0
0
0
0
0
0
0
0
0
0
0
1
20 54 774
2
189 18 776
10 172 775
0
0
0
0
0
2
58 101 778
55 63 777
0
0
0
0
0
0
0
0
0
1
90 10 779
0
0
0
1
50 23 780
2
37 186 782
23 30 781
2
175 97 784
84 98 783
0
0
0
1
33 139 785
3
204 98 788
102 95 787
20 204 786
0
0
1
47 192 789
0
2
61 62 791
28 68 790
0
0
1
85 19 792
0
0
1
32 111 793
0
2
152 140 795
40 114 794
0
1
40 165 796
0
0
0
0
0
1
184 91 797
0
1
28 93 798
0
0
0
0
0
1
73 51 799
0
1
113 144 800
2
154 58 802
86 179 801
0
0
0
1
50 144 803
0
0
0
1
132 55 804
3
177 175 807
124 17 806
110 14 805
0
0
2
40 133 809
0 128 808
0
0
0
1
45 142 810
0
0
0
0
2
190 72 812
181 71 811
0
1
45 28 813
0
0
0
0
0
0
1
191 114 814
0
3
178 95 817
163 199 816
135 152 815
2
153 159 819
60 85 818
1
109 64 820
0
0
1
118 165 821
3
204 23 824
40 97 823
0 1 822
0
0
2
147 2 826
142 89 825
0
4
97 135 830
75 94 829
70 198 828
57 129 827
0
0
0
0
1
71 80 831
0
2
179 159 833
40 64 832
0
0
0
0
1
123 166 834
0
1
35 79 835
0
0
0
1
170 193 836
0
0
0
0
2
191 163 838
89 171 837
1
27 32 839
0
1
101 2 840
0
3
186 78 843
146 78 842
120 28 841
1
135 117 844
2
191 203 846
136 0 845
0
1
171 96 847
2
123 120 849
5 185 848
2
124 184 851
34 62 850
0
0
1
171 202 852
1
185 72 853
1
75 122 854
0
1
90 42 855
0
0
0
2
162 184 857
141 177 856
0
0
0
0
0
0
2
130 66 859
5 180 858
0
0
0
0
0
1
108 142 860
0
0
0
0
0
0
1
16 165 861
0
0
0
0
1
184 74 862
3
193 160 865
124 47 864
33 150 863
1
184 68 866
0
1
41 201 867
2
116 194 869
14 129 868
0
0
0
1
119 39 870
1
164 171 871
0
1
78 138 872
0
2
113 84 874
54 108 873
1
116 107 875
0
0
4
194 132 879
80 137 878
33 184 877
13 50 876
2
205 122 881
122 9 880
0
3
160 99 884
136 8 883
45 103 882
0
1
111 188 885
0
0
0
1
48 187 886
0
0
0
0
0
1
158 165 887
2
75 42 889
45 123 888
3
140 31 892
74 51 891
73 69 890
2
77 46 894
33 23 893
1
45 164 895
0
1
163 123 896
1
32 188 897
2
74 172 899
67 148 898
0
0
0
1
165 169 900
2
72 143 902
71 161 901
1
134 181 903
0
0
0
1
65 137 904
1
184 30 905
0
0
0
1
135 173 906
0
2
182 11 908
108 8 907
2
174 47 910
63 75 909
1
37 71 911
1
78 13 912
0
0
0
0
2
159 61 914
92 13 913
0
0
0
0
0
0
0
1
121 128 915
0
0
2
192 146 917
170 99 916
4
182 191 921
150 133 920
39 87 919
9 84 918
0
1
191 74 922
0
0
0
0
0
0
1
6 71 923
1
128 162 924
0
0
0
1
158 183 925
2
53 156 927
41 90 926
0
2
178 136 929
112 45 928
1
19 170 930
0
0
0
0
2
176 168 932
35 85 931
1
94 177 933
0
1
182 108 934
0
0
0
0
0
1
132 84 935
0
1
162 125 936
0
0
0
0
0
0
2
148 54 938
29 151 937
3
161 67 941
82 37 940
30 24 939
1
187 182 942
0
2
204 17 944
69 18 943
0
2
114 0 946
47 118 945
2
180 147 948
76 36 947
0
0
0
0
1
60 133 949
2
175 47 951
168 62 950
0
0
2
102 105 953
77 190 952
0
0
0
1
90 33 954
0
0
0
0
0
0
0
0
0
0
0
0
0
0
1
194 204 955
0
0
0
0
1
33 112 956
1
183 71 957
1
113 161 958
0
0
0
0
1
30 107 959
0
0
0
0
0
0
0
0
3
120 137 962
103 177 961
23 48 960
0
1
10 205 963
0
2
144 97 965
134 67 964
0
2
88 166 967
70 198 966
1
160 65 968
0
2
117 138 970
54 144 969
0
2
125 103 972
115 99 971
0
0
0
0
4
201 72 976
174 68 975
109 158 974
34 202 973
1
59 141 977
0
0
0
0
0
0
2
146 18 979
116 191 978
3
152 16 982
133 112 981
4 154 980
2
75 168 984
41 134 983
0
2
40 139 986
22 81 985
0
0
0
1
125 96 987
0
4
205 20 991
165 119 990
92 195 989
31 6 988
2
155 122 993
7 104 992
1
75 47 994
0
0
1
110 150 995
1
91 194 996
1
114 0 997
0
3
205 3 1000
65 189 999
11 188 998
1
3 42 1001
0
0
0
1
35 116 1002
0
1
3 148 1003
0
0
0
0
0
2
66 187 1005
14 169 1004
0
0
0
0
0
0
0
0
5
197 28 1010
139 23 1009
129 65 1008
60 183 1007
34 56 1006
3
163 117 1013
154 129 1012
87 38 1011
0
1
169 71 1014
2
180 9 1016
58 76 1015
2
184 5 1018
120 49 1017
0
1
185 104 1019
0
0
0
0
0
0
1
92 1 1020
0
2
65 100 1022
55 75 1021
0
2
179 22 1024
163 199 1023
0
0
0
0
0
2
102 140 1026
51 155 1025
1
23 125 1027
0
1
175 4 1028
0
1
177 125 1029
1
200 53 1030
0
0
0
1
6 14 1031
0
0
0
0
0
0
0
0
1
202 166 1032
0
0
0
0
0
0
1
36 86 1033
0
1
56 108 1034
1
94 149 1035
1
14 36 1036
0
1
106 96 1037
0
0
1
58 120 1038
0
0
0
1
146 45 1039
2
110 203 1041
36 147 1040
0
2
177 113 1043
5 158 1042
0
0
1
63 165 1044
0
0
2
157 138 1046
33 176 1045
1
171 32 1047
0
2
168 1 1049
148 99 1048
3
61 51 1052
53 137 1051
47 74 1050
0
0
0
0
0
2
110 98 1054
42 35 1053
0
1
32 83 1055
0
2
127 30 1057
114 197 1056
0
0
0
0
1
160 173 1058
0
0
0
1
113 68 1059
1
6 22 1060
0
1
84 41 1061
0
1
99 25 1062
0
0
0
0
0
0
0
1
201 56 1063
2
178 109 1065
41 96 1064
0
1
56 154 1066
0
0
0
3
184 39 1069
65 74 1068
35 78 1067
2
180 190 1071
63 107 1070
0
0
0
0
0
1
123 81 1072
0
0
0
2
33 199 1074
28 167 1073
0
3
194 101 1077
186 172 1076
2 100 1075
2
171 170 1079
141 161 1078
1
190 40 1080
0
1
136 202 1081
2
124 169 1083
53 84 1082
0
0
0
0
0
0
0
1
66 108 1084
0
0
0
0
0
0
0
5
200 164 1089
191 158 1088
73 67 1087
20 21 1086
17 20 1085
0
0
0
0
1
69 108 1090
0
0
1
98 196 1091
1
3 107 1092
0
0
0
1
101 98 1093
3
104 177 1096
86 160 1095
51 31 1094
0
0
1
103 1 1097
0
0
1
33 172 1098
0
0
1
105 150 1099
0
1
194 2 1100
0
1
165 88 1101
0
0
2
180 11 1103
49 39 1102
1
193 76 1104
0
0
3
116 122 1107
73 118 1106
46 92 1105
0
0
2
104 157 1109
34 185 1108
0
0
2
73 161 1111
54 58 1110
0
0
0
0
2
205 144 1113
33 46 1112
0
2
85 141 1115
38 120 1114
0
1
99 23 1116
0
0
0
1
138 96 1117
1
119 163 1118
0
0
0
1
191 53 1119
0
2
84 95 1121
38 71 1120
0
0
0
3
179 180 1124
102 168 1123
88 137 1122
0
0
0
1
40 82 1125
0
0
1
119 147 1126
0
1
206 84 1127
0
1
70 98 1128
0
2
188 38 1130
14 8 1129
1
139 3 1131
0
0
0
0
3
157 37 1134
128 41 1133
61 98 1132
0
0
0
0
0
0
2
87 127 1136
17 107 1135
0
1
96 146 1137
1
106 129 1138
0
0
0
1
180 164 1139
0
2
92 26 1141
65 92 1140
2
181 45 1143
89 61 1142
2
189 174 1145
57 146 1144
0
2
186 41 1147
81 56 1146
0
0
0
0
0
1
73 110 1148
1
13 131 1149
0
1
142 128 1150
0
0
1
191 186 1151
0
2
76 190 1153
8 134 1152
0
0
0
0
1
21 16 1154
0
1
3 96 1155
0
0
2
122 101 1157
97 150 1156
0
2
177 201 1159
95 57 1158
0
2
192 50 1161
126 3 1160
0
0
2
177 4 1163
4 1 1162
0
1
162 86 1164
1
204 181 1165
0
1
111 147 1166
2
17 14 1168
0 165 1167
2
46 205 1170
21 132 1169
2
184 95 1172
129 35 1171
2
60 142 1174
56 204 1173
1
46 126 1175
0
0
0
0
3
163 98 1178
25 158 1177
1 100 1176
0
0
0
0
0
2
98 135 1180
38 199 1179
0
0
0
1
90 116 1181
0
1
160 8 1182
0
0
1
62 14 1183
0
1
111 86 1184
0
1
136 170 1185
1
80 103 1186
0
0
2
162 151 1188
151 30 1187
0
0
0
0
0
1
116 52 1189
0
0
0
0
0
1
195 62 1190
1
16 32 1191
0
0
1
98 39 1192
0
1
15 145 1193
0
0
1
92 63 1194
1
59 62 1195
0
3
114 159 1198
44 163 1197
12 193 1196
0
0
2
168 51 1200
72 134 1199
1
184 165 1201
0
0
1
45 190 1202
1
197 127 1203
0
1
200 58 1204
3
190 111 1207
117 43 1206
64 81 1205
0
1
98 101 1208
0
0
2
128 124 1210
8 90 1209
0
1
103 204 1211
0
2
190 189 1213
145 24 1212
0
0
0
1
125 80 1214
0
2
200 121 1216
45 92 1215
3
139 57 1219
128 16 1218
116 53 1217
3
146 193 1222
67 76 1221
23 158 1220
1
174 29 1223
2
195 30 1225
73 21 1224
4
200 74 1229
119 185 1228
73 4 1227
1 116 1226
0
0
0
1
176 47 1230
1
37 64 1231
2
180 54 1233
9 138 1232
3
191 81 1236
145 35 1235
135 28 1234
2
158 26 1238
15 11 1237
0
0
1
108 93 1239
0
0
2
136 79 1241
135 173 1240
1
111 164 1242
0
2
50 23 1244
37 105 1243
0
0
0
2
128 154 1246
32 13 1245
0
0
0
2
92 5 1248
84 141 1247
1
8 134 1249
1
160 38 1250
0
0
0
1
83 141 1251
0
0
0
1
158 71 1252
0
0
0
0
0
0
0
0
1
87 54 1253
2
35 142 1255
17 177 1254
1
56 32 1256
1
91 141 1257
2
110 176 1259
21 38 1258
0
0
0
0
0
3
127 25 1262
99 186 1261
49 18 1260
0
0
0
0
2
108 74 1264
75 42 1263
2
184 59 1266
65 41 1265
0
0
0
2
98 68 1268
61 16 1267
0
1
100 157 1269
1
59 91 1270
1
53 173 1271
0
1
29 57 1272
2
94 17 1274
38 43 1273
2
87 182 1276
10 43 1275
1
153 157 1277
0
1
14 119 1278
1
11 88 1279
1
174 145 1280
1
64 0 1281
1
166 7 1282
0
1
198 170 1283
2
147 146 1285
85 46 1284
3
177 7 1288
133 176 1287
87 192 1286
3
123 171 1291
78 160 1290
76 108 1289
3
201 30 1294
178 192 1293
22 175 1292
1
136 145 1295
0
0
0
0
0
0
2
88 139 1297
8 115 1296
0
0
0
0
0
2
175 95 1299
164 49 1298
1
72 3 1300
1
128 26 1301
0
0
1
183 162 1302
1
0 182 1303
0
0
0
0
0
1
23 192 1304
0
0
2
116 199 1306
110 145 1305
0
2
150 21 1308
100 107 1307
0
2
112 200 1310
61 201 1309
1
193 141 1311
1
141 44 1312
1
139 186 1313
0
2
169 205 1315
134 173 1314
0
2
79 198 1317
36 67 1316
0
0
0
0
1
53 35 1318
1
60 117 1319
0
2
155 204 1321
2 6 1320
0
0
2
173 118 1323
109 187 1322
0
1
30 17 1324
2
82 97 1326
3 16 1325
0
0
0
2
36 23 1328
16 56 1327
0
0
4
181 178 1332
177 121 1331
171 112 1330
15 45 1329
0
0
0
0
0
0
0
0
0
0
0
0
0
0
0
0
2
32 173 1334
26 65 1333
0
1
60 139 1335
0
2
106 203 1337
36 122 1336
0
0
2
103 68 1339
44 13 1338
1
58 37 1340
1
162 204 1341
1
160 54 1342
1
19 11 1343
2
173 60 1345
19 46 1344
0
0
0
0
0
1
17 180 1346
0
0
0
0
0
0
1
71 42 1347
0
1
156 206 1348
0
1
30 28 1349
1
133 74 1350
0
0
1
66 71 1351
0
1
206 198 1352
0
0
1
155 30 1353
1
122 171 1354
0
0
0
0
0
0
0
1
87 39 1355
0
2
150 193 1357
90 84 1356
2
185 56 1359
81 107 1358
0
1
95 58 1360
0
0
3
206 133 1363
62 177 1362
54 70 1361
2
128 42 1365
117 42 1364
2
204 18 1367
45 52 1366
0
0
1
45 12 1368
1
60 121 1369
1
197 31 1370
0
1
137 37 1371
1
68 46 1372
2
41 20 1374
32 164 1373
0
0
0
0
1
30 146 1375
1
94 174 1376
1
160 127 1377
2
59 122 1379
40 25 1378
1
67 126 1380
0
2
107 72 1382
5 9 1381
0
0
1
95 197 1383
0
1
62 79 1384
2
197 124 1386
45 68 1385
1
61 62 1387
2
133 40 1389
56 112 1388
1
117 165 1390
1
100 54 1391
2
77 162 1393
74 97 1392
0
0
0
3
54 173 1396
51 175 1395
44 187 1394
2
129 196 1398
117 28 1397
0
0
2
134 123 1400
83 27 1399
2
44 56 1402
2 184 1401
0
0
1
50 107 1403
0
0
2
116 133 1405
109 65 1404
0
3
109 173 1408
104 89 1407
68 161 1406
1
173 192 1409
1
144 141 1410
1
193 13 1411
0
1
97 3 1412
0
0
0
0
0
0
0
0
0
2
28 199 1414
25 88 1413
0
1
174 148 1415
0
1
100 55 1416
0
0
0
0
0
1
131 76 1417
0
1
79 57 1418
0
2
147 157 1420
24 176 1419
0
1
164 46 1421
0
0
0
1
2 136 1422
0
0
1
92 65 1423
4
202 69 1427
168 138 1426
76 187 1425
72 7 1424
2
136 174 1429
65 183 1428
0
0
0
1
55 14 1430
0
0
0
0
0
0
0
3
150 181 1433
60 189 1432
58 141 1431
2
91 132 1435
11 141 1434
1
185 28 1436
1
26 146 1437
0
0
1
106 69 1438
1
126 18 1439
0
1
78 23 1440
1
59 169 1441
1
74 19 1442
0
2
106 29 1444
103 61 1443
1
106 128 1445
0
0
0
0
0
3
78 160 1448
19 195 1447
7 178 1446
2
196 140 1450
146 8 1449
1
79 7 1451
4
188 164 1455
126 8 1454
75 126 1453
73 110 1452
0
1
62 164 1456
0
0
2
88 133 1458
87 73 1457
0
0
2
164 76 1460
45 172 1459
0
1
117 73 1461
2
123 30 1463
72 188 1462
1
61 151 1464
0
0
0
0
1
72 166 1465
2
185 201 1467
19 155 1466
0
0
0
0
3
198 120 1470
176 105 1469
13 89 1468
1
153 31 1471
1
32 203 1472
0
0
0
0
4
137 57 1476
100 116 1475
60 106 1474
30 124 1473
0
0
0
0
0
0
0
0
0
2
185 63 1478
104 45 1477
0
3
193 98 1481
52 133 1480
23 154 1479
0
0
0
1
169 147 1482
0
0
2
51 139 1484
42 44 1483
0
0
0
2
66 196 1486
46 119 1485
0
1
123 90 1487
2
133 179 1489
54 150 1488
1
62 140 1490
1
6 136 1491
1
159 67 1492
1
201 71 1493
0
0
1
198 109 1494
0
1
76 68 1495
0
2
181 148 1497
86 65 1496
2
154 141 1499
79 6 1498
3
122 32 1502
49 39 1501
1 142 1500
0
1
140 178 1503
0
0
0
0
0
1
162 33 1504
2
162 147 1506
64 34 1505
0
3
68 138 1509
43 137 1508
13 103 1507
0
1
61 99 1510
1
73 130 1511
0
2
136 35 1513
23 44 1512
3
157 108 1516
44 134 1515
6 144 1514
2
128 151 1518
55 149 1517
0
1
151 58 1519
0
0
0
0
1
140 59 1520
0
0
0
2
144 188 1522
126 57 1521
0
0
2
177 116 1524
134 14 1523
1
142 2 1525
0
0
0
0
0
0
2
62 107 1527
14 20 1526
0
0
0
0
0
0
1
59 0 1528
0
0
0
0
0
2
75 181 1530
30 193 1529
0
1
65 83 1531
1
114 116 1532
2
163 56 1534
91 79 1533
0
0
1
182 129 1535
1
19 95 1536
1
198 59 1537
1
38 14 1538
0
3
74 180 1541
46 57 1540
7 78 1539
2
183 26 1543
68 167 1542
1
28 33 1544
2
130 25 1546
35 98 1545
3
157 56 1549
149 168 1548
10 46 1547
1
166 105 1550
1
31 62 1551
1
127 118 1552
1
10 32 1553
0
0
1
53 156 1554
1
130 118 1555
0
0
0
0
2
171 169 1557
59 3 1556
0
0
1
44 107 1558
0
0
0
1
49 106 1559
3
183 172 1562
153 64 1561
114 37 1560
1
193 25 1563
3
168 181 1566
37 85 1565
11 66 1564
0
1
153 161 1567
0
3
72 121 1570
21 41 1569
2 63 1568
4
99 191 1574
74 89 1573
32 112 1572
17 111 1571
0
1
103 161 1575
1
206 119 1576
0
1
18 165 1577
0
1
198 152 1578
0
0
3
137 206 1581
68 146 1580
58 194 1579
0
0
1
168 154 1582
1
45 90 1583
1
128 149 1584
0
0
0
1
96 102 1585
0
1
73 21 1586
0
0
0
0
0
1
69 29 1587
1
31 86 1588
1
94 26 1589
2
195 187 1591
43 134 1590
0
0
2
124 43 1593
116 65 1592
3
195 164 1596
192 180 1595
46 202 1594
1
41 39 1597
0
1
170 91 1598
1
191 125 1599
0
0
0
0
0
1
117 96 1600
2
135 182 1602
34 111 1601
0
2
132 121 1604
56 62 1603
3
172 18 1607
155 174 1606
125 68 1605
0
0
0
1
40 41 1608
1
4 163 1609
3
100 200 1612
59 7 1611
35 150 1610
0
0
0
0
0
1
118 160 1613
0
1
146 205 1614
0
0
0
0
3
192 162 1617
188 113 1616
34 62 1615
0
2
136 78 1619
97 116 1618
0
2
172 120 1621
149 130 1620
0
1
33 45 1622
1
6 160 1623
0
0
0
0
3
176 12 1626
53 104 1625
44 107 1624
0
0
0
3
198 156 1629
101 6 1628
47 167 1627
1
38 155 1630
3
139 76 1633
23 92 1632
2 185 1631
1
199 157 1634
0
0
0
1
157 119 1635
2
171 83 1637
0 119 1636
0
1
154 44 1638
1
94 195 1639
0
1
77 64 1640
3
168 198 1643
27 60 1642
12 107 1641
3
187 80 1646
99 166 1645
10 70 1644
0
1
4 165 1647
3
181 56 1650
147 155 1649
65 201 1648
0
1
176 14 1651
0
0
0
0
1
67 192 1652
2
148 144 1654
56 99 1653
2
83 199 1656
23 36 1655
2
182 83 1658
102 69 1657
0
0
0
0
4
169 105 1662
156 5 1661
130 89 1660
33 203 1659
0
1
169 24 1663
1
97 76 1664
0
0
0
0
0
1
121 50 1665
3
94 128 1668
75 178 1667
16 202 1666
0
2
165 125 1670
74 57 1669
1
143 204 1671
0
0
0
1
159 17 1672
1
6 41 1673
0
3
149 47 1676
138 86 1675
107 77 1674
0
0
0
3
160 41 1679
72 167 1678
12 96 1677
3
32 175 1682
30 184 1681
23 196 1680
0
1
183 48 1683
1
145 92 1684
1
116 157 1685
0
0
3
116 32 1688
81 63 1687
31 158 1686
0
1
138 105 1689
0
0
1
87 144 1690
1
95 157 1691
2
67 140 1693
46 99 1692
0
0
0
0
2
113 196 1695
26 22 1694
1
16 172 1696
2
205 93 1698
70 94 1697
0
0
1
103 172 1699
1
120 119 1700
0
1
104 163 1701
2
164 89 1703
125 129 1702
0
1
170 59 1704
0
0
1
16 65 1705
0
0
0
0
1
6 31 1706
0
0
0
0
0
1
61 206 1707
1
28 60 1708
0
2
138 187 1710
73 135 1709
1
12 138 1711
1
71 34 1712
0
0
1
140 43 1713
0
0
0
0
1
30 143 1714
0
0
0
2
59 40 1716
20 30 1715
0
0
0
0
1
8 32 1717
0
1
21 106 1718
4
170 109 1722
140 121 1721
108 124 1720
21 89 1719
0
0
0
1
143 107 1723
1
60 118 1724
0
0
1
148 168 1725
0
2
187 51 1727
136 150 1726
2
128 73 1729
42 155 1728
0
0
0
2
195 133 1731
161 146 1730
0
0
0
0
1
171 167 1732
0
2
173 53 1734
34 98 1733
0
1
77 55 1735
0
0
0
0
0
0
0
1
50 84 1736
0
1
165 132 1737
0
0
0
0
3
205 103 1740
44 200 1739
0 47 1738
2
86 195 1742
82 173 1741
0
3
135 27 1745
81 33 1744
52 129 1743
1
150 85 1746
3
132 146 1749
125 116 1748
18 51 1747
1
41 38 1750
1
45 151 1751
0
3
190 84 1754
115 170 1753
24 104 1752
0
0
0
0
0
1
33 16 1755
1
126 135 1756
0
1
125 119 1757
1
46 0 1758
0
1
133 170 1759
0
2
120 127 1761
74 115 1760
0
1
202 144 1762
1
193 69 1763
0
1
73 130 1764
1
34 117 1765
0
0
0
1
192 96 1766
0
2
72 31 1768
31 22 1767
0
0
1
142 177 1769
0
2
177 116 1771
143 2 1770
0
1
194 41 1772
1
118 110 1773
3
204 16 1776
102 71 1775
44 130 1774
2
183 137 1778
118 76 1777
0
0
1
172 153 1779
0
2
139 104 1781
74 129 1780
2
200 72 1783
183 200 1782
2
155 35 1785
31 69 1784
0
1
179 165 1786
2
121 112 1788
95 189 1787
0
0
1
140 9 1789
2
115 87 1791
112 169 1790
1
22 23 1792
1
38 137 1793
1
122 81 1794
0
1
136 55 1795
1
72 130 1796
1
45 5 1797
0
0
1
95 67 1798
3
129 158 1801
45 101 1800
30 89 1799
2
206 162 1803
21 101 1802
0
0
0
2
155 147 1805
115 9 1804
1
68 172 1806
1
155 200 1807
1
76 28 1808
2
132 109 1810
46 175 1809
1
134 78 1811
0
3
158 165 1814
74 109 1813
35 19 1812
0
2
85 94 1816
20 52 1815
1
1 28 1817
3
95 19 1820
85 13 1819
80 20 1818
1
96 90 1821
0
0
1
63 67 1822
1
74 96 1823
2
162 14 1825
46 64 1824
5
182 193 1830
131 205 1829
85 73 1828
72 46 1827
30 54 1826
0
1
92 70 1831
1
190 149 1832
0
0
0
0
0
0
0
0
0
0
0
0
0
1
71 145 1833
0
1
184 67 1834
1
48 99 1835
0
2
176 78 1837
59 196 1836
0
2
201 59 1839
121 77 1838
0
3
98 199 1842
61 51 1841
35 53 1840
3
39 50 1845
32 155 1844
16 94 1843
2
140 12 1847
115 7 1846
0
0
0
2
59 19 1849
36 138 1848
1
47 196 1850
0
0
1
149 97 1851
0
0
1
126 70 1852
0
1
83 119 1853
3
183 133 1856
157 27 1855
126 147 1854
1
31 140 1857
0
1
148 0 1858
2
188 178 1860
90 173 1859
0
1
80 65 1861
1
116 64 1862
1
58 163 1863
0
0
0
2
28 50 1865
7 74 1864
0
2
185 94 1867
99 29 1866
0
0
1
142 112 1868
0
0
0
2
155 71 1870
76 131 1869
0
2
96 173 1872
5 51 1871
2
112 105 1874
83 178 1873
0
0
0
2
132 98 1876
86 26 1875
0
1
119 169 1877
0
3
193 167 1880
151 20 1879
87 180 1878
0
2
150 56 1882
67 42 1881
0
0
0
1
109 181 1883
0
0
0
0
0
1
26 72 1884
2
148 117 1886
5 142 1885
1
143 96 1887
0
0
0
0
0
0
0
1
198 122 1888
0
2
100 3 1890
10 2 1889
0
1
76 166 1891
2
37 145 1893
30 133 1892
0
1
112 64 1894
1
159 54 1895
1
129 19 1896
2
60 73 1898
32 156 1897
1
160 122 1899
0
1
141 144 1900
0
2
179 201 1902
11 108 1901
2
199 35 1904
195 61 1903
1
102 131 1905
0
0
2
158 90 1907
97 187 1906
0
1
101 24 1908
0
1
134 80 1909
0
2
150 143 1911
102 65 1910
2
130 159 1913
47 68 1912
0
0
1
205 95 1914
0
0
0
0
0
2
187 84 1916
74 144 1915
1
47 85 1917
2
180 52 1919
144 149 1918
0
1
161 179 1920
1
74 194 1921
1
105 161 1922
1
100 178 1923
0
0
3
64 204 1926
37 85 1925
33 47 1924
1
86 52 1927
0
0
0
2
183 143 1929
68 31 1928
2
176 132 1931
98 90 1930
0
2
107 23 1933
88 71 1932
1
127 203 1934
0
1
44 193 1935
0
2
41 157 1937
40 190 1936
0
1
182 12 1938
0
0
0
1
127 24 1939
0
1
90 2 1940
2
201 96 1942
0 113 1941
1
111 68 1943
2
178 180 1945
129 160 1944
0
0
1
13 173 1946
0
0
2
93 195 1948
68 108 1947
0
2
200 91 1950
73 27 1949
1
16 42 1951
0
1
185 8 1952
2
32 164 1954
24 58 1953
0
1
110 83 1955
0
1
69 36 1956
2
156 161 1958
75 130 1957
0
1
25 38 1959
0
1
203 127 1960
3
138 2 1963
132 11 1962
5 178 1961
2
38 102 1965
36 101 1964
1
55 195 1966
0
0
1
163 188 1967
2
35 122 1969
5 124 1968
4
136 30 1973
91 69 1972
61 74 1971
46 111 1970
3
190 146 1976
131 126 1975
9 70 1974
3
140 171 1979
119 184 1978
51 36 1977
0
1
47 100 1980
0
2
46 5 1982
37 6 1981
0
1
98 18 1983
0
0
2
170 98 1985
72 202 1984
0
0
1
144 200 1986
0
1
97 61 1987
0
0
2
184 110 1989
31 76 1988
2
124 39 1991
69 149 1990
0
0
0
0
0
0
1
34 117 1992
2
95 92 1994
51 155 1993
3
113 80 1997
95 124 1996
57 126 1995
0
0
1
136 162 1998
0
1
120 25 1999
2
89 189 2001
78 195 2000
1
127 25 2002
2
171 25 2004
44 17 2003
1
200 61 2005
2
45 60 2007
0 178 2006
2
134 119 2009
60 96 2008
0
0
0
0
0
0
0
2
168 69 2011
146 1 2010
0
0
2
203 70 2013
98 155 2012
1
143 93 2014
2
73 84 2016
40 130 2015
0
3
180 42 2019
138 168 2018
59 21 2017
2
52 71 2021
44 39 2020
0
0
0
1
90 86 2022
1
31 139 2023
1
91 128 2024
0
0
0
1
202 57 2025
0
0
1
62 16 2026
2
92 124 2028
77 117 2027
0
0
2
158 122 2030
90 122 2029
1
26 179 2031
2
153 138 2033
90 169 2032
0
0
1
54 172 2034
1
177 193 2035
2
194 97 2037
193 104 2036
1
181 45 2038
0
2
44 118 2040
27 148 2039
1
193 163 2041
3
77 122 2044
45 30 2043
14 136 2042
0
0
2
134 161 2046
104 19 2045
0
0
1
131 12 2047
0
1
123 148 2048
0
0
0
0
2
166 116 2050
19 205 2049
0
2
102 89 2052
64 51 2051
0
0
0
1
114 123 2053
1
44 206 2054
0
1
188 3 2055
0
0
0
0
1
50 206 2056
0
1
83 186 2057
1
78 75 2058
0
0
0
2
121 129 2060
87 85 2059
1
0 139 2061
2
201 60 2063
162 117 2062
0
0
0
0
2
154 135 2065
129 32 2064
1
15 138 2066
1
2 65 2067
1
54 134 2068
0
2
187 34 2070
58 30 2069
1
52 156 2071
0
2
193 184 2073
178 62 2072
1
53 118 2074
0
1
97 126 2075
1
167 47 2076
2
203 86 2078
21 204 2077
2
57 98 2080
32 98 2079
0
0
1
73 21 2081
0
2
46 167 2083
32 93 2082
0
0
0
0
1
156 137 2084
0
0
1
105 149 2085
0
0
1
37 51 2086
2
197 122 2088
7 63 2087
1
150 173 2089
1
0 3 2090
0
0
0
0
0
0
0
2
125 3 2092
52 32 2091
1
13 31 2093
1
176 144 2094
2
166 91 2096
86 10 2095
1
140 99 2097
1
72 13 2098
0
0
0
0
0
0
2
193 158 2100
18 152 2099
1
99 91 2101
1
193 151 2102
0
1
97 158 2103
1
20 107 2104
3
189 22 2107
122 182 2106
35 25 2105
0
3
185 85 2110
54 148 2109
6 187 2108
0
1
90 148 2111
2
136 181 2113
61 16 2112
1
178 200 2114
0
1
61 78 2115
0
0
1
123 0 2116
0
0
0
0
1
138 5 2117
1
167 3 2118
2
179 97 2120
4 14 2119
1
102 54 2121
1
45 157 2122
0
0
1
110 53 2123
0
2
85 59 2125
66 204 2124
0
0
0
1
191 178 2126
0
0
0
1
18 47 2127
2
187 101 2129
4 129 2128
0
0
1
161 103 2130
0
0
0
4
157 149 2134
89 193 2133
67 10 2132
61 51 2131
3
181 154 2137
147 98 2136
103 184 2135
1
109 201 2138
1
8 24 2139
0
0
1
162 18 2140
2
206 118 2142
7 62 2141
0
0
0
0
0
2
57 97 2144
10 1 2143
2
78 97 2146
38 155 2145
2
189 32 2148
34 181 2147
1
14 65 2149
1
144 35 2150
2
75 175 2152
27 158 2151
1
3 60 2153
1
108 26 2154
2
182 50 2156
31 3 2155
0
0
1
157 56 2157
3
126 180 2160
100 42 2159
16 110 2158
2
166 53 2162
75 52 2161
0
0
2
87 46 2164
17 104 2163
1
57 135 2165
1
58 100 2166
1
88 45 2167
2
43 137 2169
21 122 2168
0
0
0
0
0
1
201 152 2170
1
133 4 2171
0
1
19 65 2172
1
44 111 2173
1
154 58 2174
2
118 80 2176
58 148 2175
0
0
2
118 181 2178
47 195 2177
0
3
110 141 2181
70 189 2180
31 126 2179
1
129 184 2182
2
131 26 2184
83 70 2183
0
1
115 51 2185
0
3
114 45 2188
112 145 2187
46 67 2186
0
0
3
98 92 2191
53 140 2190
13 202 2189
1
138 58 2192
0
1
18 133 2193
0
1
84 3 2194
0
2
143 141 2196
82 174 2195
0
0
0
0
1
24 182 2197
0
0
1
199 28 2198
0
2
180 65 2200
106 5 2199
0
1
90 5 2201
2
114 123 2203
63 106 2202
3
138 142 2206
67 144 2205
65 15 2204
3
119 40 2209
72 25 2208
67 197 2207
1
189 188 2210
0
0
1
131 163 2211
3
130 151 2214
88 180 2213
10 170 2212
1
144 97 2215
1
6 124 2216
2
85 46 2218
8 66 2217
1
5 156 2219
0
0
4
125 114 2223
60 132 2222
58 71 2221
16 33 2220
1
65 164 2224
0
0
2
78 44 2226
14 119 2225
0
1
199 50 2227
1
41 189 2228
1
119 171 2229
0
1
161 100 2230
0
1
189 98 2231
2
183 99 2233
61 133 2232
0
1
103 54 2234
1
31 42 2235
0
0
1
43 143 2236
1
29 9 2237
2
187 34 2239
7 22 2238
0
1
87 161 2240
2
200 109 2242
46 11 2241
0
0
0
0
1
51 80 2243
0
2
202 57 2245
176 68 2244
1
162 82 2246
0
0
1
51 179 2247
0
3
146 49 2250
137 91 2249
33 172 2248
2
96 112 2252
12 190 2251
1
74 173 2253
1
107 144 2254
0
0
1
183 42 2255
1
140 81 2256
0
2
97 52 2258
30 130 2257
0
2
172 16 2260
120 45 2259
1
37 64 2261
1
89 98 2262
2
205 70 2264
173 120 2263
2
96 152 2266
28 87 2265
1
99 186 2267
1
21 151 2268
1
125 192 2269
2
163 73 2271
14 186 2270
0
0
2
135 32 2273
127 43 2272
2
68 62 2275
29 38 2274
1
202 51 2276
0
1
41 17 2277
0
0
0
0
2
194 152 2279
184 171 2278
0
2
136 74 2281
46 13 2280
0
0
0
1
54 117 2282
1
17 155 2283
1
143 121 2284
0
3
132 75 2287
124 162 2286
11 58 2285
0
1
30 110 2288
0
1
23 53 2289
1
5 102 2290
0
1
90 182 2291
3
139 163 2294
72 152 2293
31 118 2292
2
119 45 2296
39 188 2295
0
0
0
3
46 170 2299
42 1 2298
37 73 2297
1
188 136 2300
1
20 144 2301
2
166 44 2303
123 113 2302
3
33 173 2306
20 189 2305
11 111 2304
0
0
3
205 27 2309
77 18 2308
51 16 2307
0
1
9 146 2310
0
0
2
202 35 2312
31 98 2311
1
76 142 2313
1
163 172 2314
1
160 205 2315
0
0
1
56 159 2316
1
198 12 2317
0
2
189 169 2319
98 192 2318
1
173 42 2320
2
205 16 2322
156 68 2321
2
170 4 2324
54 146 2323
0
2
201 61 2326
93 188 2325
2
112 36 2328
2 71 2327
0
1
74 173 2329
1
17 22 2330
1
129 133 2331
2
199 5 2333
73 158 2332
1
105 185 2334
1
67 150 2335
1
0 189 2336
0
1
103 75 2337
0
0
1
155 138 2338
1
179 163 2339
0
0
0
0
0
1
51 141 2340
0
0
0
0
1
58 169 2341
0
0
0
0
0
1
30 102 2342
0
2
201 145 2344
128 68 2343
1
192 148 2345
3
126 201 2348
28 129 2347
16 60 2346
2
151 70 2350
64 58 2349
0
0
1
125 186 2351
2
61 67 2353
33 186 2352
1
108 149 2354
1
123 165 2355
0
1
11 27 2356
0
1
136 184 2357
0
1
181 159 2358
0
3
163 192 2361
111 137 2360
6 89 2359
0
1
112 12 2362
0
1
56 49 2363
1
199 166 2364
0
0
1
189 187 2365
2
146 56 2367
6 10 2366
4
139 4 2371
124 170 2370
35 151 2369
33 58 2368
0
2
70 97 2373
3 147 2372
1
59 121 2374
1
84 77 2375
1
193 200 2376
3
179 164 2379
102 79 2378
69 76 2377
0
0
2
174 62 2381
30 2 2380
1
132 145 2382
1
41 154 2383
0
0
1
147 42 2384
1
121 111 2385
0
0
0
2
95 52 2387
37 120 2386
3
201 118 2390
162 167 2389
79 164 2388
0
0
1
39 17 2391
3
144 49 2394
134 135 2393
99 60 2392
0
0
2
169 181 2396
154 50 2395
0
0
1
188 41 2397
0
1
55 8 2398
1
9 13 2399
0
1
147 35 2400
0
0
2
23 11 2402
11 195 2401
0
1
138 186 2403
0
0
4
167 126 2407
55 157 2406
45 26 2405
5 196 2404
3
185 168 2410
67 197 2409
2 29 2408
1
134 12 2411
1
73 17 2412
0
1
197 27 2413
0
0
1
121 100 2414
1
153 28 2415
0
1
122 183 2416
0
6
200 130 2422
198 70 2421
121 200 2420
80 78 2419
61 155 2418
12 80 2417
1
191 6 2423
2
133 77 2425
86 109 2424
2
203 130 2427
164 93 2426
1
135 131 2428
2
178 115 2430
58 180 2429
0
0
0
0
2
160 81 2432
102 86 2431
1
100 144 2433
0
0
1
152 83 2434
0
1
18 64 2435
2
62 36 2437
49 190 2436
1
0 38 2438
3
203 191 2441
113 154 2440
39 12 2439
2
150 62 2443
100 28 2442
0
3
162 153 2446
113 177 2445
16 148 2444
0
0
0
0
1
26 103 2447
0
0
2
54 45 2449
33 56 2448
3
140 13 2452
71 0 2451
7 171 2450
4
103 70 2456
90 106 2455
69 110 2454
6 52 2453
0
0
0
0
0
0
0
0
0
1
45 31 2457
1
132 161 2458
0
0
3
137 170 2461
108 80 2460
66 15 2459
0
1
39 181 2462
0
2
161 105 2464
13 86 2463
0
1
37 198 2465
0
1
54 121 2466
0
0
0
0
0
0
1
92 94 2467
2
136 126 2469
66 169 2468
0
2
169 134 2471
142 131 2470
0
0
0
2
88 108 2473
72 66 2472
0
0
0
1
157 173 2474
1
80 176 2475
0
0
2
175 184 2477
46 112 2476
2
73 126 2479
16 47 2478
2
174 70 2481
116 159 2480
0
0
3
161 149 2484
135 75 2483
97 161 2482
2
41 182 2486
18 143 2485
1
146 185 2487
0
1
136 9 2488
1
38 195 2489
0
2
49 204 2491
46 136 2490
0
0
0
0
0
0
0
0
1
43 170 2492
0
2
97 45 2494
44 184 2493
2
197 28 2496
177 138 2495
2
149 59 2498
99 98 2497
0
1
31 120 2499
0
0
0
1
182 21 2500
1
27 33 2501
2
151 46 2503
112 7 2502
4
203 148 2507
201 194 2506
152 91 2505
13 121 2504
1
168 52 2508
0
0
0
0
1
121 155 2509
1
61 174 2510
3
206 17 2513
180 87 2512
21 116 2511
2
178 188 2515
125 112 2514
0
0
0
2
109 49 2517
69 75 2516
0
0
1
139 152 2518
1
155 57 2519
0
0
0
0
0
1
69 96 2520
0
2
187 179 2522
119 199 2521
1
14 126 2523
0
1
157 198 2524
3
134 47 2527
93 154 2526
29 147 2525
0
2
52 151 2529
1 52 2528
0
0
4
199 84 2533
188 175 2532
99 55 2531
3 146 2530
1
175 174 2534
0
0
0
1
0 150 2535
1
36 130 2536
0
0
0
2
181 200 2538
20 136 2537
2
146 147 2540
31 121 2539
0
1
75 136 2541
0
0
2
160 174 2543
141 157 2542
0
1
38 182 2544
1
89 54 2545
1
61 197 2546
0
1
7 164 2547
1
16 198 2548
2
164 159 2550
31 93 2549
0
1
70 99 2551
2
170 108 2553
4 113 2552
2
163 46 2555
64 26 2554
1
61 18 2556
1
95 1 2557
0
1
58 18 2558
0
1
25 155 2559
1
52 88 2560
0
0
0
1
89 42 2561
1
172 34 2562
2
193 130 2564
43 89 2563
1
142 191 2565
3
115 55 2568
83 47 2567
5 191 2566
2
145 2 2570
103 70 2569
0
0
3
177 91 2573
73 5 2572
21 160 2571
2
101 105 2575
36 53 2574
2
177 149 2577
80 146 2576
0
1
127 51 2578
1
41 62 2579
0
1
5 8 2580
0
3
132 86 2583
127 195 2582
31 63 2581
0
1
17 203 2584
0
0
2
110 18 2586
23 119 2585
0
1
68 0 2587
1
13 46 2588
2
195 94 2590
181 46 2589
1
78 23 2591
0
0
1
92 173 2592
2
195 22 2594
158 117 2593
2
161 112 2596
31 194 2595
0
0
0
0
0
1
99 77 2597
1
97 156 2598
0
0
0
1
140 196 2599
1
18 129 2600
2
106 55 2602
57 133 2601
3
115 37 2605
98 50 2604
64 36 2603
2
130 159 2607
91 188 2606
0
0
1
51 4 2608
2
195 7 2610
106 148 2609
2
79 178 2612
47 180 2611
0
0
0
0
0
0
3
140 16 2615
129 28 2614
89 107 2613
2
87 109 2617
18 98 2616
1
61 149 2618
0
1
204 180 2619
0
0
0
1
45 94 2620
0
0
3
73 153 2623
68 30 2622
55 136 2621
0
2
91 83 2625
24 25 2624
1
72 198 2626
0
0
0
0
1
18 115 2627
0
2
111 99 2629
52 63 2628
1
26 11 2630
0
0
0
3
139 0 2633
74 25 2632
35 6 2631
1
148 80 2634
2
87 195 2636
34 9 2635
0
1
189 97 2637
0
0
0
3
197 157 2640
111 59 2639
47 128 2638
2
84 5 2642
79 129 2641
0
0
0
0
1
173 110 2643
1
173 119 2644
0
1
47 100 2645
0
1
72 195 2646
1
115 28 2647
0
1
54 196 2648
0
1
17 12 2649
0
2
146 91 2651
22 35 2650
0
1
86 120 2652
4
161 15 2656
103 134 2655
44 38 2654
5 170 2653
0
1
164 35 2657
1
73 91 2658
4
206 63 2662
87 143 2661
50 144 2660
28 130 2659
0
1
196 119 2663
0
0
1
47 71 2664
3
150 42 2667
76 55 2666
67 55 2665
0
0
0
1
33 187 2668
0
1
196 176 2669
1
143 44 2670
1
75 88 2671
1
189 49 2672
0
0
0
0
0
2
41 119 2674
37 72 2673
2
176 105 2676
103 112 2675
0
1
171 46 2677
1
157 156 2678
0
1
173 198 2679
0
1
61 60 2680
1
17 79 2681
0
1
47 131 2682
0
5
182 15 2687
142 127 2686
140 106 2685
37 46 2684
30 54 2683
0
1
43 202 2688
2
47 88 2690
44 8 2689
1
187 203 2691
0
1
48 43 2692
0
1
154 106 2693
0
1
64 51 2694
2
101 79 2696
94 154 2695
0
2
166 175 2698
93 3 2697
0
1
65 44 2699
2
76 50 2701
61 197 2700
0
0
0
1
74 73 2702
1
195 177 2703
1
31 62 2704
0
1
3 104 2705
1
126 11 2706
2
136 189 2708
36 122 2707
0
2
106 156 2710
16 141 2709
1
130 105 2711
1
156 85 2712
0
0
2
78 117 2714
71 121 2713
2
45 86 2716
1 56 2715
1
61 75 2717
1
186 145 2718
1
82 105 2719
1
47 172 2720
2
203 185 2722
194 107 2721
5
92 116 2727
73 180 2726
32 118 2725
17 193 2724
10 76 2723
2
17 87 2729
1 11 2728
4
202 11 2733
156 12 2732
106 148 2731
86 11 2730
1
200 41 2734
0
1
188 162 2735
0
0
0
0
0
0
1
67 78 2736
2
128 35 2738
91 117 2737
2
53 177 2740
48 157 2739
0
0
0
0
0
0
1
2 125 2741
0
0
0
1
39 193 2742
3
38 83 2745
7 13 2744
1 124 2743
1
167 37 2746
0
0
2
179 38 2748
30 146 2747
0
1
181 190 2749
1
198 58 2750
0
1
65 10 2751
1
5 83 2752
2
79 37 2754
50 151 2753
0
0
1
126 15 2755
1
20 2 2756
0
2
189 92 2758
185 92 2757
0
1
28 182 2759
1
198 49 2760
0
1
21 41 2761
1
110 93 2762
2
83 100 2764
44 158 2763
0
0
3
182 48 2767
106 198 2766
43 101 2765
1
17 148 2768
1
173 191 2769
0
0
0
1
149 38 2770
2
40 145 2772
14 143 2771
0
2
131 190 2774
36 174 2773
2
162 50 2776
51 142 2775
0
2
192 105 2778
102 169 2777
1
71 77 2779
0
0
2
164 61 2781
94 18 2780
2
169 55 2783
162 58 2782
1
61 3 2784
0
1
3 169 2785
0
2
150 117 2787
117 19 2786
2
90 150 2789
44 59 2788
1
128 112 2790
0
0
1
59 113 2791
2
177 191 2793
67 181 2792
1
67 80 2794
2
58 63 2796
51 38 2795
1
200 131 2797
0
2
177 173 2799
47 206 2798
0
1
138 134 2800
1
0 179 2801
0
0
1
7 81 2802
5
204 127 2807
139 133 2806
96 51 2805
92 21 2804
32 13 2803
2
126 76 2809
18 21 2808
2
84 177 2811
74 90 2810
0
0
1
27 154 2812
0
2
117 98 2814
104 130 2813
1
175 89 2815
0
0
0
0
0
2
183 61 2817
129 190 2816
0
0
2
50 98 2819
45 82 2818
2
191 43 2821
165 132 2820
0
2
185 112 2823
139 171 2822
2
122 105 2825
37 26 2824
2
157 96 2827
2 144 2826
0
1
11 96 2828
0
0
0
0
0
0
1
183 143 2829
0
2
186 57 2831
36 205 2830
2
171 181 2833
119 150 2832
2
170 18 2835
145 168 2834
2
206 77 2837
184 109 2836
3
121 22 2840
64 90 2839
23 206 2838
1
172 169 2841
0
1
91 131 2842
0
0
1
91 13 2843
1
95 97 2844
1
151 199 2845
2
201 101 2847
147 57 2846
0
2
104 139 2849
66 32 2848
0
0
1
0 59 2850
0
1
46 133 2851
1
173 82 2852
3
158 128 2855
57 89 2854
30 66 2853
0
1
22 94 2856
0
0
1
114 2 2857
0
0
0
0
0
0
3
127 27 2860
74 8 2859
58 191 2858
0
0
0
1
17 190 2861
0
1
180 103 2862
2
119 112 2864
117 60 2863
1
66 11 2865
1
187 86 2866
0
0
1
122 147 2867
0
0
2
137 85 2869
78 46 2868
2
90 73 2871
31 109 2870
0
1
178 58 2872
1
181 201 2873
1
61 42 2874
3
161 159 2877
70 40 2876
54 95 2875
5
159 162 2882
150 5 2881
137 155 2880
78 48 2879
44 148 2878
4
152 40 2886
129 43 2885
61 179 2884
45 16 2883
0
1
69 162 2887
0
1
80 132 2888
2
92 77 2890
48 189 2889
1
135 140 2891
0
1
42 183 2892
0
0
3
91 111 2895
84 140 2894
9 199 2893
1
81 34 2896
1
73 182 2897
0
1
162 74 2898
1
20 105 2899
0
4
206 163 2903
120 142 2902
77 124 2901
32 94 2900
1
4 53 2904
1
75 41 2905
1
149 195 2906
0
1
41 122 2907
2
190 2 2909
35 31 2908
1
72 130 2910
0
2
191 196 2912
30 146 2911
1
65 146 2913
0
0
5
189 88 2918
149 114 2917
79 25 2916
58 96 2915
8 94 2914
1
59 71 2919
0
3
75 130 2922
25 63 2921
19 136 2920
0
3
197 168 2925
23 3 2924
15 16 2923
1
96 13 2926
2
179 2 2928
90 116 2927
1
42 92 2929
0
1
58 113 2930
4
171 69 2934
170 90 2933
154 38 2932
31 206 2931
1
62 75 2935
1
15 122 2936
0
0
0
2
94 52 2938
60 202 2937
1
83 37 2939
2
105 174 2941
104 120 2940
1
75 205 2942
0
1
101 187 2943
1
96 118 2944
0
2
133 170 2946
43 190 2945
0
1
188 55 2947
2
108 59 2949
18 38 2948
2
13 78 2951
12 186 2950
1
73 181 2952
0
2
138 72 2954
95 132 2953
2
187 39 2956
103 169 2955
0
0
1
82 25 2957
1
100 171 2958
0
2
16 153 2960
12 7 2959
3
181 68 2963
179 39 2962
64 68 2961
0
0
0
0
0
0
0
3
186 45 2966
90 170 2965
58 15 2964
1
177 137 2967
2
192 133 2969
180 28 2968
2
164 103 2971
69 131 2970
1
22 130 2972
0
1
141 33 2973
2
106 36 2975
105 152 2974
1
72 75 2976
0
0
0
1
45 13 2977
1
47 163 2978
0
1
148 73 2979
0
2
181 51 2981
143 171 2980
0
0
0
0
1
195 200 2982
0
0
1
189 110 2983
2
131 102 2985
98 28 2984
1
180 17 2986
0
2
89 40 2988
49 155 2987
1
124 112 2989
3
162 184 2992
94 21 2991
6 141 2990
0
0
1
6 41 2993
1
18 95 2994
1
137 54 2995
0
1
152 124 2996
0
3
140 12 2999
35 80 2998
9 120 2997
0
0
0
0
1
163 92 3000
1
23 116 3001
0
0
0
0
1
105 32 3002
0
2
121 167 3004
22 122 3003
1
77 44 3005
0
0
1
185 69 3006
1
58 152 3007
0
0
0
0
1
88 99 3008
4
124 62 3012
114 191 3011
75 72 3010
1 117 3009
0
2
20 126 3014
10 187 3013
0
2
99 161 3016
73 85 3015
4
172 160 3020
137 57 3019
53 23 3018
43 24 3017
1
194 111 3021
0
1
169 3 3022
1
18 6 3023
1
68 91 3024
0
1
49 163 3025
0
0
2
35 162 3027
2 150 3026
1
19 157 3028
2
155 25 3030
46 170 3029
1
30 109 3031
1
154 199 3032
0
0
1
118 38 3033
1
39 143 3034
1
63 125 3035
1
137 2 3036
2
63 85 3038
19 172 3037
0
2
117 202 3040
78 137 3039
0
4
148 168 3044
121 93 3043
38 48 3042
35 39 3041
1
62 150 3045
0
0
0
1
142 104 3046
1
46 3 3047
1
108 0 3048
3
197 88 3051
180 139 3050
66 111 3049
1
172 135 3052
1
117 45 3053
0
1
174 98 3054
0
0
1
105 141 3055
2
184 23 3057
155 161 3056
1
173 199 3058
1
54 75 3059
2
113 139 3061
4 164 3060
1
118 99 3062
0
0
1
146 72 3063
2
124 45 3065
121 10 3064
3
201 12 3068
173 41 3067
128 164 3066
0
1
194 65 3069
1
105 31 3070
1
122 193 3071
2
63 80 3073
45 9 3072
0
2
188 12 3075
35 34 3074
0
1
203 129 3076
0
1
124 51 3077
1
204 92 3078
2
143 154 3080
79 5 3079
4
146 194 3084
108 154 3083
76 60 3082
73 138 3081
1
101 13 3085
0
0
2
196 47 3087
72 40 3086
1
56 102 3088
4
198 121 3092
165 129 3091
33 127 3090
7 75 3089
1
167 6 3093
1
81 32 3094
1
163 15 3095
0
1
97 193 3096
1
94 17 3097
1
23 21 3098
2
161 104 3100
119 111 3099
1
146 46 3101
0
1
161 14 3102
0
0
1
149 57 3103
3
162 165 3106
108 125 3105
27 94 3104
0
1
9 83 3107
1
196 97 3108
3
96 154 3111
89 123 3110
16 187 3109
1
45 162 3112
0
0
0
0
1
201 45 3113
0
1
143 66 3114
1
68 26 3115
2
82 45 3117
72 205 3116
0
1
117 55 3118
1
96 50 3119
0
1
60 98 3120
2
165 54 3122
148 122 3121
0
2
138 15 3124
32 117 3123
1
47 145 3125
3
80 158 3128
73 85 3127
7 143 3126
2
57 127 3130
44 124 3129
2
61 22 3132
50 39 3131
1
54 76 3133
0
1
165 76 3134
1
73 6 3135
1
31 69 3136
0
0
0
1
6 187 3137
1
41 7 3138
2
195 124 3140
160 36 3139
3
132 168 3143
88 28 3142
24 34 3141
2
81 187 3145
34 57 3144
1
6 137 3146
2
134 153 3148
61 159 3147
0
2
166 44 3150
126 21 3149
0
1
195 106 3151
1
25 69 3152
0
2
186 169 3154
41 142 3153
0
4
165 171 3158
143 189 3157
37 59 3156
24 77 3155
1
74 2 3159
1
119 58 3160
0
0
1
57 167 3161
3
179 33 3164
75 47 3163
6 195 3162
0
0
3
202 19 3167
154 135 3166
74 128 3165
2
199 83 3169
96 56 3168
0
0
0
1
68 206 3170
0
0
1
42 123 3171
7
156 0 3178
135 178 3177
113 197 3176
105 197 3175
70 127 3174
48 38 3173
21 102 3172
1
101 74 3179
0
0
1
75 126 3180
2
109 168 3182
46 39 3181
0
2
101 21 3184
69 134 3183
1
103 44 3185
1
65 21 3186
0
0
1
201 123 3187
2
110 105 3189
71 85 3188
0
1
79 157 3190
1
105 204 3191
1
7 193 3192
0
1
73 37 3193
0
0
0
1
118 83 3194
1
195 168 3195
3
167 82 3198
145 118 3197
64 204 3196
0
3
120 113 3201
59 139 3200
30 16 3199
0
1
203 126 3202
0
2
148 115 3204
47 9 3203
0
1
5 164 3205
0
1
123 127 3206
0
1
147 50 3207
2
177 4 3209
92 114 3208
0
3
194 73 3212
67 66 3211
35 184 3210
0
1
163 150 3213
0
1
25 37 3214
1
15 76 3215
0
2
33 185 3217
30 202 3216
1
51 11 3218
3
153 195 3221
145 79 3220
54 112 3219
2
176 18 3223
121 63 3222
0
1
61 88 3224
1
73 25 3225
1
68 127 3226
0
2
202 68 3228
106 74 3227
1
78 94 3229
0
0
4
155 3 3233
151 27 3232
110 33 3231
52 85 3230
1
117 91 3234
0
0
2
66 161 3236
3 58 3235
4
145 101 3240
108 2 3239
26 41 3238
21 201 3237
2
200 6 3242
84 138 3241
0
1
127 97 3243
3
160 34 3246
91 5 3245
71 120 3244
1
189 185 3247
1
98 7 3248
1
202 16 3249
1
127 91 3250
0
2
137 21 3252
61 192 3251
0
1
137 204 3253
0
0
2
109 40 3255
103 2 3254
2
153 58 3257
96 77 3256
0
0
0
4
196 181 3261
101 109 3260
51 163 3259
34 103 3258
0
1
58 38 3262
0
1
135 123 3263
1
112 19 3264
0
4
178 13 3268
96 182 3267
75 149 3266
30 51 3265
2
128 186 3270
35 93 3269
0
0
0
1
82 153 3271
1
142 31 3272
1
11 122 3273
0
2
96 188 3275
85 125 3274
2
159 73 3277
10 141 3276
1
18 140 3278
0
0
3
175 145 3281
141 182 3280
102 124 3279
0
0
0
1
30 193 3282
1
31 179 3283
1
203 170 3284
0
0
4
152 156 3288
63 61 3287
61 117 3286
38 149 3285
4
151 0 3292
103 129 3291
94 33 3290
59 167 3289
1
45 74 3293
0
0
1
58 86 3294
0
5
194 128 3299
164 54 3298
147 184 3297
70 46 3296
6 152 3295
2
76 109 3301
16 85 3300
1
111 118 3302
2
82 167 3304
58 154 3303
0
1
157 56 3305
3
204 198 3308
138 55 3307
27 157 3306
1
48 16 3309
0
2
97 166 3311
87 161 3310
1
85 138 3312
1
129 176 3313
0
0
2
163 192 3315
48 44 3314
2
101 55 3317
44 167 3316
1
37 192 3318
0
0
0
1
5 153 3319
1
153 148 3320
3
128 40 3323
98 173 3322
82 135 3321
0
1
83 1 3324
2
71 159 3326
61 180 3325
1
56 96 3327
0
1
111 61 3328
4
134 2 3332
81 172 3331
54 126 3330
13 171 3329
0
0
1
171 0 3333
2
97 125 3335
76 165 3334
0
2
109 184 3337
40 44 3336
2
117 68 3339
93 125 3338
0
2
194 160 3341
43 19 3340
2
84 19 3343
55 80 3342
0
1
172 144 3344
1
131 4 3345
1
44 142 3346
0
0
1
173 6 3347
1
178 97 3348
0
3
112 25 3351
41 173 3350
5 168 3349
4
44 0 3355
40 9 3354
34 136 3353
2 95 3352
1
166 23 3356
0
2
157 77 3358
155 164 3357
1
117 96 3359
0
2
199 160 3361
23 204 3360
0
1
51 108 3362
0
1
108 165 3363
2
107 189 3365
70 6 3364
0
4
155 122 3369
110 179 3368
74 193 3367
45 121 3366
0
0
0
0
1
135 141 3370
2
187 42 3372
94 127 3371
1
124 14 3373
2
117 135 3375
60 137 3374
0
2
98 28 3377
73 42 3376
2
194 79 3379
131 49 3378
2
188 91 3381
47 62 3380
0
2
188 1 3383
183 137 3382
2
172 55 3385
141 178 3384
1
143 80 3386
1
124 22 3387
2
84 81 3389
33 10 3388
1
168 149 3390
0
1
173 182 3391
0
3
206 53 3394
133 70 3393
0 54 3392
1
80 4 3395
2
173 4 3397
102 100 3396
0
1
203 2 3398
3
202 3 3401
33 32 3400
26 114 3399
1
30 97 3402
1
74 17 3403
4
176 9 3407
59 155 3406
7 148 3405
4 187 3404
0
0
0
0
2
198 65 3409
104 68 3408
1
179 188 3410
1
40 54 3411
1
106 127 3412
0
3
64 72 3415
61 25 3414
46 71 3413
0
1
177 167 3416
1
165 58 3417
1
89 158 3418
0
2
170 95 3420
95 173 3419
1
36 94 3421
1
115 203 3422
2
203 162 3424
134 140 3423
0
0
1
17 64 3425
3
186 142 3428
60 102 3427
47 76 3426
0
1
129 148 3429
1
114 180 3430
0
2
127 114 3432
34 37 3431
1
19 200 3433
1
44 173 3434
2
165 90 3436
88 131 3435
0
0
0
2
172 19 3438
36 198 3437
0
1
188 204 3439
0
0
2
110 149 3441
31 203 3440
0
0
0
0
0
0
1
30 184 3442
1
106 15 3443
0
0
3
132 148 3446
47 108 3445
45 73 3444
1
147 112 3447
0
0
0
1
176 71 3448
1
42 96 3449
1
66 51 3450
0
1
111 104 3451
0
0
0
1
187 154 3452
1
140 153 3453
1
168 81 3454
0
1
17 132 3455
0
0
2
184 74 3457
109 82 3456
1
103 27 3458
2
188 191 3460
39 139 3459
0
0
0
0
3
180 115 3463
101 61 3462
56 152 3461
0
0
2
119 84 3465
2 142 3464
0
3
182 160 3468
173 67 3467
135 36 3466
2
185 102 3470
46 175 3469
2
200 204 3472
90 198 3471
0
0
1
180 172 3473
1
195 192 3474
0
0
0
0
0
1
75 107 3475
2
141 191 3477
8 156 3476
1
93 35 3478
1
31 133 3479
2
151 168 3481
63 128 3480
0
2
163 62 3483
153 75 3482
0
1
58 106 3484
0
2
194 76 3486
150 29 3485
1
56 11 3487
1
203 77 3488
1
34 86 3489
3
145 155 3492
98 145 3491
59 26 3490
3
150 124 3495
82 131 3494
31 79 3493
4
167 156 3499
133 2 3498
81 153 3497
72 199 3496
1
32 104 3500
0
0
1
203 149 3501
0
0
0
2
107 11 3503
47 195 3502
1
158 72 3504
1
158 19 3505
1
180 51 3506
0
2
104 71 3508
15 125 3507
2
200 84 3510
31 182 3509
1
199 71 3511
0
1
112 88 3512
0
0
2
186 86 3514
40 198 3513
1
5 175 3515
0
2
138 93 3517
31 139 3516
1
117 114 3518
3
197 30 3521
159 76 3520
67 32 3519
3
166 98 3524
144 0 3523
46 178 3522
0
2
72 133 3526
3 116 3525
2
73 123 3528
20 93 3527
0
1
152 203 3529
2
151 194 3531
106 82 3530
1
145 64 3532
1
145 116 3533
2
179 198 3535
125 92 3534
0
0
0
1
164 169 3536
3
204 137 3539
142 77 3538
4 12 3537
1
197 173 3540
0
1
6 72 3541
2
191 91 3543
32 167 3542
0
1
203 73 3544
2
128 145 3546
74 61 3545
1
90 78 3547
1
202 128 3548
1
180 113 3549
2
151 166 3551
27 198 3550
2
162 50 3553
44 144 3552
1
105 133 3554
2
191 92 3556
125 149 3555
0
3
118 124 3559
94 44 3558
76 171 3557
0
1
68 193 3560
1
28 150 3561
0
1
34 139 3562
4
168 139 3566
111 43 3565
97 71 3564
91 5 3563
0
1
6 80 3567
2
178 172 3569
141 77 3568
1
74 138 3570
0
1
54 72 3571
1
199 136 3572
1
147 26 3573
0
1
74 37 3574
2
107 179 3576
14 124 3575
0
2
116 175 3578
75 5 3577
0
1
92 140 3579
1
193 16 3580
1
179 132 3581
0
1
1 52 3582
0
1
24 15 3583
0
1
160 5 3584
0
3
131 104 3587
58 114 3586
30 202 3585
1
61 102 3588
1
6 13 3589
1
36 113 3590
1
71 84 3591
0
1
102 201 3592
1
119 51 3593
1
98 144 3594
1
11 155 3595
0
0
1
184 104 3596
3
189 17 3599
76 25 3598
74 111 3597
0
1
45 62 3600
0
0
3
122 18 3603
60 90 3602
30 129 3601
2
60 48 3605
44 82 3604
0
1
20 185 3606
0
0
1
51 66 3607
2
85 174 3609
76 95 3608
1
67 86 3610
0
2
190 118 3612
3 187 3611
2
202 186 3614
172 39 3613
1
168 152 3615
1
76 149 3616
0
0
2
169 59 3618
146 87 3617
2
116 86 3620
24 165 3619
1
43 132 3621
3
110 119 3624
102 5 3623
37 135 3622
1
165 65 3625
1
22 166 3626
1
167 107 3627
2
154 85 3629
103 82 3628
2
159 157 3631
8 70 3630
2
40 22 3633
11 50 3632
0
1
163 58 3634
1
112 58 3635
1
155 123 3636
2
137 134 3638
42 198 3637
2
169 145 3640
47 110 3639
2
200 24 3642
31 100 3641
0
0
4
76 155 3646
60 47 3645
45 64 3644
41 55 3643
1
158 188 3647
2
167 198 3649
50 97 3648
2
66 42 3651
44 41 3650
3
94 133 3654
85 10 3653
1 49 3652
0
0
1
117 201 3655
2
139 121 3657
82 39 3656
0
3
82 79 3660
73 160 3659
72 104 3658
1
202 150 3661
1
78 125 3662
0
0
1
45 195 3663
0
0
0
0
1
61 158 3664
0
1
191 66 3665
1
2 127 3666
2
173 135 3668
15 50 3667
3
171 124 3671
128 203 3670
83 153 3669
0
1
35 69 3672
2
121 123 3674
75 83 3673
1
188 185 3675
2
148 32 3677
46 14 3676
3
177 4 3680
170 19 3679
73 65 3678
1
25 31 3681
1
78 162 3682
1
3 101 3683
1
31 94 3684
2
58 185 3686
44 65 3685
2
108 48 3688
73 193 3687
0
0
0
4
197 134 3692
136 176 3691
62 188 3690
9 177 3689
1
183 188 3693
1
88 25 3694
1
92 134 3695
1
51 68 3696
1
30 180 3697
0
0
0
2
104 142 3699
6 100 3698
4
203 134 3703
176 23 3702
133 129 3701
105 14 3700
1
130 35 3704
1
173 155 3705
0
0
2
51 125 3707
42 190 3706
0
0
1
155 100 3708
1
46 80 3709
2
127 155 3711
102 63 3710
0
2
172 143 3713
114 120 3712
0
1
23 33 3714
0
1
46 122 3715
1
134 21 3716
0
1
0 89 3717
0
1
129 203 3718
0
2
176 96 3720
119 76 3719
0
0
0
2
157 7 3722
21 24 3721
1
10 88 3723
1
140 3 3724
2
197 56 3726
13 97 3725
2
77 64 3728
43 200 3727
1
151 22 3729
0
1
100 201 3730
3
137 151 3733
47 13 3732
31 11 3731
1
47 174 3734
1
187 14 3735
0
1
112 66 3736
2
149 199 3738
87 123 3737
2
128 57 3740
67 28 3739
1
204 119 3741
1
165 111 3742
2
64 109 3744
60 160 3743
0
0
1
20 180 3745
0
0
1
31 54 3746
2
109 39 3748
41 25 3747
0
1
85 9 3749
2
180 204 3751
20 77 3750
0
2
62 57 3753
44 172 3752
3
131 105 3756
76 203 3755
53 11 3754
0
0
1
132 110 3757
0
1
202 183 3758
1
200 59 3759
0
1
200 203 3760
1
64 180 3761
1
62 156 3762
2
154 86 3764
56 79 3763
0
2
206 42 3766
98 9 3765
0
0
0
0
2
138 66 3768
25 176 3767
1
30 90 3769
2
125 188 3771
93 135 3770
0
2
105 195 3773
18 115 3772
1
134 120 3774
2
174 182 3776
32 60 3775
1
163 12 3777
0
1
132 93 3778
0
0
0
2
205 51 3780
95 64 3779
0
1
105 140 3781
1
0 164 3782
1
2 24 3783
1
40 148 3784
1
31 179 3785
0
1
164 117 3786
2
148 52 3788
55 104 3787
3
113 191 3791
111 45 3790
96 195 3789
0
2
200 50 3793
187 181 3792
0
1
73 199 3794
3
120 96 3797
34 150 3796
15 126 3795
4
197 173 3801
105 25 3800
104 138 3799
2 104 3798
0
1
159 110 3802
0
0
0
1
61 32 3803
1
84 185 3804
0
0
1
133 119 3805
3
204 168 3808
169 130 3807
104 86 3806
3
142 131 3811
97 51 3810
53 193 3809
1
8 187 3812
0
1
4 76 3813
0
0
1
158 191 3814
4
189 197 3818
176 45 3817
60 82 3816
27 103 3815
0
0
2
109 121 3820
8 64 3819
1
87 106 3821
3
151 23 3824
81 6 3823
76 45 3822
0
1
117 77 3825
2
82 90 3827
40 140 3826
1
0 82 3828
3
74 95 3831
47 70 3830
17 99 3829
1
48 132 3832
0
3
193 115 3835
185 4 3834
60 48 3833
0
0
0
0
1
21 38 3836
4
171 186 3840
153 173 3839
72 197 3838
60 152 3837
3
199 157 3843
75 58 3842
5 42 3841
0
0
0
2
201 119 3845
177 108 3844
0
3
75 86 3848
56 195 3847
53 133 3846
2
161 33 3850
2 107 3849
0
0
3
149 70 3853
104 61 3852
6 114 3851
2
71 65 3855
35 43 3854
0
0
2
149 21 3857
108 185 3856
0
2
104 108 3859
60 200 3858
1
75 60 3860
1
3 104 3861
3
183 40 3864
118 24 3863
104 9 3862
4
185 139 3868
145 205 3867
50 76 3866
39 140 3865
1
46 176 3869
1
31 201 3870
1
75 199 3871
2
162 21 3873
40 11 3872
3
139 135 3876
114 195 3875
94 29 3874
2
177 25 3878
171 152 3877
4
173 174 3882
170 55 3881
21 30 3880
14 82 3879
2
49 106 3884
12 41 3883
1
100 32 3885
2
165 106 3887
142 5 3886
0
0
0
0
2
111 7 3889
47 24 3888
2
80 183 3891
37 20 3890
1
33 87 3892
0
0
2
64 178 3894
56 38 3893
0
0
0
1
132 119 3895
1
152 160 3896
2
71 49 3898
60 168 3897
1
163 131 3899
3
181 185 3902
146 99 3901
58 163 3900
2
61 138 3904
28 163 3903
3
119 181 3907
116 114 3906
36 26 3905
3
140 166 3910
122 92 3909
20 130 3908
1
117 76 3911
2
60 4 3913
58 82 3912
0
0
0
4
80 105 3917
73 11 3916
46 19 3915
12 49 3914
1
44 14 3918
1
59 137 3919
0
4
204 43 3923
158 39 3922
128 51 3921
45 133 3920
1
129 171 3924
1
105 192 3925
0
1
34 171 3926
0
0
4
206 189 3930
173 58 3929
114 163 3928
21 110 3927
1
59 171 3931
2
206 35 3933
47 105 3932
2
69 44 3935
42 196 3934
2
97 12 3937
35 121 3936
0
1
33 105 3938
2
170 58 3940
6 7 3939
0
1
159 98 3941
1
104 125 3942
1
163 140 3943
1
205 188 3944
2
73 46 3946
19 15 3945
1
79 164 3947
1
112 152 3948
0
2
68 200 3950
52 136 3949
2
107 45 3952
6 92 3951
0
0
2
204 200 3954
51 70 3953
0
1
171 204 3955
2
129 118 3957
67 142 3956
0
0
0
0
2
206 123 3959
156 57 3958
0
0
1
76 136 3960
1
59 79 3961
0
1
178 90 3962
0
1
171 44 3963
3
189 172 3966
103 102 3965
47 32 3964
0
1
46 82 3967
0
0
1
7 94 3968
3
173 63 3971
140 61 3970
121 95 3969
2
150 81 3973
71 12 3972
1
203 12 3974
1
82 180 3975
1
157 29 3976
2
169 144 3978
145 137 3977
1
164 193 3979
0
0
0
1
32 140 3980
3
151 20 3983
142 93 3982
15 97 3981
2
172 168 3985
157 42 3984
0
0
0
1
115 2 3986
1
53 203 3987
1
107 158 3988
5
156 16 3993
142 176 3992
110 174 3991
55 125 3990
46 88 3989
0
1
59 130 3994
1
165 97 3995
0
1
35 74 3996
1
30 195 3997
1
166 23 3998
1
199 24 3999
1
134 120 4000
1
75 62 4001
0
1
17 182 4002
0
1
174 68 4003
3
90 176 4006
62 193 4005
61 67 4004
0
0
0
0
0
2
108 51 4008
104 95 4007
0
0
2
181 78 4010
30 40 4009
0
1
103 101 4011
0
0
2
94 84 4013
71 11 4012
2
58 192 4015
6 153 4014
1
206 177 4016
0
2
137 30 4018
111 21 4017
0
2
118 89 4020
31 100 4019
2
205 146 4022
154 85 4021
0
0
0
3
189 49 4025
72 46 4024
56 71 4023
0
2
190 191 4027
128 178 4026
1
18 196 4028
2
113 105 4030
112 114 4029
1
4 109 4031
0
1
25 132 4032
1
202 203 4033
1
123 97 4034
2
145 71 4036
9 49 4035
0
3
189 173 4039
110 44 4038
59 170 4037
1
162 39 4040
0
4
170 60 4044
122 132 4043
60 102 4042
44 189 4041
0
0
1
53 126 4045
1
76 115 4046
0
1
194 58 4047
3
200 127 4050
106 147 4049
0 182 4048
1
158 44 4051
0
2
146 139 4053
30 161 4052
2
116 113 4055
27 48 4054
3
171 99 4058
128 205 4057
75 67 4056
2
65 33 4060
23 79 4059
2
119 44 4062
32 84 4061
0
1
49 99 4063
1
14 53 4064
3
151 62 4067
88 108 4066
0 7 4065
0
3
182 109 4070
106 116 4069
43 141 4068
1
44 63 4071
2
78 91 4073
48 127 4072
1
74 204 4074
1
107 85 4075
0
2
152 118 4077
137 62 4076
1
116 117 4078
1
127 110 4079
1
40 24 4080
0
1
127 37 4081
2
166 3 4083
55 111 4082
3
197 71 4086
59 201 4085
25 68 4084
3
75 115 4089
73 142 4088
14 176 4087
2
165 163 4091
107 52 4090
1
83 156 4092
1
111 202 4093
0
2
182 102 4095
80 152 4094
1
180 3 4096
0
2
144 126 4098
59 167 4097
3
99 136 4101
70 178 4100
34 187 4099
0
0
0
0
0
0
2
192 116 4103
26 88 4102
3
124 151 4106
116 85 4105
71 122 4104
2
189 106 4108
2 88 4107
1
96 200 4109
2
55 32 4111
24 25 4110
0
2
132 206 4113
87 38 4112
1
187 204 4114
2
170 111 4116
52 150 4115
0
1
132 172 4117
1
103 109 4118
0
1
158 11 4119
0
0
1
163 1 4120
0
2
153 74 4122
53 168 4121
1
14 184 4123
2
57 182 4125
26 36 4124
0
0
1
74 67 4126
0
0
2
138 161 4128
28 156 4127
0
1
168 63 4129
1
107 105 4130
1
149 42 4131
0
1
157 20 4132
0
2
97 53 4134
65 10 4133
3
152 34 4137
78 195 4136
19 149 4135
0
2
62 172 4139
1 185 4138
2
111 167 4141
23 28 4140
1
37 163 4142
3
201 17 4145
72 50 4144
53 119 4143
4
155 111 4149
131 95 4148
61 99 4147
8 70 4146
2
119 46 4151
45 60 4150
2
180 14 4153
169 86 4152
0
1
30 104 4154
1
54 41 4155
2
187 12 4157
136 202 4156
2
121 93 4159
45 36 4158
0
1
178 136 4160
0
1
89 46 4161
1
42 123 4162
1
44 14 4163
1
41 112 4164
0
0
0
0
1
166 23 4165
2
189 160 4167
114 61 4166
0
2
120 91 4169
40 145 4168
2
176 166 4171
50 43 4170
1
186 149 4172
0
0
0
3
161 43 4175
138 26 4174
109 9 4173
1
33 38 4176
2
191 192 4178
90 140 4177
3
137 153 4181
61 117 4180
29 109 4179
1
110 138 4182
2
119 106 4184
44 183 4183
2
166 33 4186
70 56 4185
2
61 131 4188
47 29 4187
0
1
86 39 4189
0
0
0
0
1
103 153 4190
0
0
3
115 45 4193
105 147 4192
63 106 4191
0
0
3
192 89 4196
164 9 4195
118 84 4194
0
1
81 130 4197
0
1
92 133 4198
0
3
186 138 4201
174 143 4200
47 174 4199
1
150 15 4202
3
86 132 4205
72 6 4204
57 14 4203
0
0
1
159 172 4206
1
48 81 4207
1
182 194 4208
1
40 204 4209
0
2
173 12 4211
156 103 4210
1
74 7 4212
0
1
64 59 4213
1
153 58 4214
2
156 120 4216
44 92 4215
0
0
0
0
1
7 78 4217
1
204 142 4218
2
131 195 4220
4 165 4219
1
23 71 4221
0
2
69 147 4223
15 30 4222
1
118 193 4224
3
144 59 4227
91 204 4226
87 65 4225
0
2
52 189 4229
39 3 4228
3
80 77 4232
53 80 4231
36 98 4230
2
141 111 4234
134 101 4233
0
0
1
191 145 4235
1
16 149 4236
3
150 55 4239
118 111 4238
39 136 4237
0
1
126 141 4240
1
77 161 4241
3
147 18 4244
123 61 4243
25 126 4242
0
0
2
60 14 4246
24 49 4245
2
35 86 4248
0 58 4247
2
182 123 4250
131 142 4249
2
148 117 4252
132 30 4251
0
1
74 172 4253
1
127 115 4254
2
177 77 4256
128 158 4255
1
47 76 4257
1
131 63 4258
2
131 9 4260
47 83 4259
0
1
107 9 4261
0
0
1
32 71 4262
1
180 197 4263
2
166 178 4265
149 112 4264
0
1
75 13 4266
1
198 133 4267
0
0
2
46 52 4269
30 15 4268
0
0
1
63 155 4270
1
152 137 4271
1
196 17 4272
1
190 125 4273
2
114 128 4275
74 75 4274
1
78 111 4276
0
0
0
2
63 82 4278
28 45 4277
0
1
102 79 4279
4
201 61 4283
79 152 4282
59 66 4281
41 39 4280
2
46 188 4285
4 48 4284
2
10 18 4287
8 51 4286
1
110 63 4288
0
1
60 151 4289
2
54 68 4291
52 102 4290
1
130 84 4292
0
0
1
41 200 4293
2
182 35 4295
45 137 4294
1
104 67 4296
3
188 146 4299
170 100 4298
85 51 4297
0
0
0
0
2
114 98 4301
42 163 4300
0
0
0
1
35 64 4302
1
201 111 4303
1
185 61 4304
1
10 159 4305
0
2
197 94 4307
76 191 4306
4
174 147 4311
144 164 4310
60 118 4309
42 189 4308
1
82 55 4312
0
0
1
118 146 4313
0
1
133 150 4314
0
0
0
1
91 47 4315
2
140 77 4317
100 171 4316
3
52 12 4320
37 81 4319
23 66 4318
0
0
1
189 3 4321
3
99 151 4324
74 105 4323
30 104 4322
0
1
179 72 4325
3
111 74 4328
44 166 4327
16 63 4326
4
141 107 4332
83 90 4331
60 130 4330
2 36 4329
0
0
0
4
199 91 4336
63 199 4335
62 73 4334
33 195 4333
1
90 121 4337
1
73 96 4338
1
114 56 4339
0
1
160 183 4340
4
181 93 4344
166 57 4343
81 178 4342
28 185 4341
1
73 133 4345
2
72 125 4347
9 57 4346
3
200 78 4350
113 180 4349
102 98 4348
0
1
148 10 4351
1
29 119 4352
1
201 167 4353
2
123 111 4355
58 169 4354
1
27 159 4356
2
62 21 4358
3 55 4357
2
185 71 4360
42 90 4359
3
89 0 4363
86 102 4362
31 89 4361
0
1
141 117 4364
2
112 128 4366
72 24 4365
1
10 72 4367
1
80 183 4368
0
1
0 189 4369
0
2
147 127 4371
136 161 4370
0
0
4
138 134 4375
106 108 4374
61 179 4373
14 86 4372
1
92 91 4376
2
202 104 4378
77 105 4377
1
48 133 4379
1
171 42 4380
1
70 185 4381
0
2
140 148 4383
59 1 4382
2
79 164 4385
6 106 4384
1
163 54 4386
2
155 146 4388
45 87 4387
2
97 23 4390
39 4 4389
2
80 170 4392
44 177 4391
2
72 63 4394
3 27 4393
1
139 174 4395
1
188 110 4396
0
0
1
58 30 4397
0
1
83 104 4398
0
1
61 11 4399
0
2
107 116 4401
62 133 4400
1
80 16 4402
1
170 133 4403
2
168 107 4405
107 54 4404
2
167 39 4407
98 31 4406
1
163 22 4408
0
1
112 59 4409
2
172 188 4411
140 159 4410
1
112 155 4412
2
67 19 4414
29 61 4413
1
109 152 4415
1
47 145 4416
1
75 24 4417
1
59 158 4418
0
1
173 119 4419
3
187 180 4422
34 12 4421
1 96 4420
1
79 87 4423
2
200 82 4425
73 18 4424
1
48 154 4426
1
148 144 4427
0
2
106 199 4429
66 57 4428
2
188 85 4431
125 41 4430
0
2
120 182 4433
83 93 4432
3
185 154 4436
47 150 4435
34 152 4434
1
104 137 4437
1
102 100 4438
1
141 134 4439
0
0
1
61 196 4440
2
70 94 4442
46 121 4441
0
1
198 106 4443
0
2
65 79 4445
45 196 4444
2
155 79 4447
77 91 4446
1
141 113 4448
2
192 159 4450
91 140 4449
3
182 110 4453
151 165 4452
66 144 4451
6
193 188 4459
184 9 4458
108 103 4457
95 7 4456
80 200 4455
8 55 4454
0
1
11 158 4460
1
110 150 4461
0
1
68 13 4462
2
122 31 4464
78 193 4463
0
1
74 101 4465
1
187 147 4466
0
0
1
119 46 4467
0
1
32 20 4468
2
122 205 4470
86 194 4469
1
3 67 4471
1
152 144 4472
0
1
2 43 4473
2
96 85 4475
24 191 4474
1
65 134 4476
1
12 49 4477
0
2
110 153 4479
17 192 4478
1
31 149 4480
0
2
76 72 4482
26 178 4481
1
73 136 4483
2
83 61 4485
11 12 4484
0
1
167 170 4486
0
1
198 142 4487
1
197 132 4488
1
61 37 4489
1
144 183 4490
0
1
68 5 4491
1
49 77 4492
1
97 75 4493
2
197 10 4495
163 140 4494
3
132 38 4498
120 24 4497
0 59 4496
1
62 79 4499
0
0
0
0
0
3
200 106 4502
99 195 4501
44 6 4500
1
89 122 4503
0
2
180 45 4505
45 144 4504
2
196 75 4507
75 18 4506
0
1
51 3 4508
0
5
191 5 4513
186 58 4512
185 106 4511
40 163 4510
23 198 4509
2
187 14 4515
58 111 4514
0
0
0
1
29 122 4516
0
0
0
1
61 151 4517
1
204 38 4518
0
1
104 38 4519
1
198 119 4520
1
180 101 4521
1
190 89 4522
1
132 43 4523
0
2
102 149 4525
16 93 4524
1
183 112 4526
1
155 38 4527
1
196 50 4528
2
141 93 4530
56 22 4529
2
162 175 4532
87 153 4531
0
1
62 69 4533
0
1
160 151 4534
0
2
184 83 4536
59 145 4535
2
150 6 4538
52 36 4537
4
117 184 4542
48 202 4541
19 68 4540
17 198 4539
0
0
1
62 205 4543
0
0
1
83 104 4544
0
1
147 40 4545
0
2
111 110 4547
31 9 4546
1
25 55 4548
0
1
3 189 4549
0
0
0
1
67 75 4550
0
1
8 157 4551
0
1
99 40 4552
2
195 18 4554
31 201 4553
2
74 176 4556
30 97 4555
0
2
125 132 4558
98 161 4557
2
176 159 4560
100 156 4559
1
102 60 4561
0
1
102 206 4562
0
1
93 22 4563
0
2
144 194 4565
110 148 4564
0
1
115 100 4566
1
168 117 4567
1
152 127 4568
0
1
111 71 4569
2
206 195 4571
115 56 4570
0
0
1
33 156 4572
1
31 22 4573
1
76 140 4574
0
2
71 110 4576
3 186 4575
0
2
90 105 4578
30 99 4577
0
0
0
2
196 177 4580
112 83 4579
2
203 1 4582
162 79 4581
1
87 127 4583
3
165 154 4586
148 135 4585
137 111 4584
3
195 81 4589
99 9 4588
10 203 4587
2
181 94 4591
81 161 4590
1
151 90 4592
0
0
1
165 121 4593
1
109 36 4594
2
44 184 4596
38 99 4595
1
160 118 4597
2
25 3 4599
6 132 4598
1
79 153 4600
1
58 160 4601
0
1
196 52 4602
1
193 41 4603
1
129 110 4604
2
127 40 4606
23 84 4605
0
2
142 114 4608
97 30 4607
2
180 135 4610
172 21 4609
0
0
0
1
175 53 4611
0
2
73 138 4613
48 30 4612
1
30 83 4614
2
197 89 4616
54 156 4615
0
0
2
202 184 4618
73 205 4617
1
133 187 4619
1
60 72 4620
0
1
186 153 4621
2
200 56 4623
58 97 4622
2
129 70 4625
44 195 4624
0
0
1
16 35 4626
1
169 68 4627
0
2
27 192 4629
1 19 4628
1
152 66 4630
0
0
1
173 7 4631
2
49 168 4633
31 127 4632
0
0
0
0
0
0
2
149 141 4635
6 137 4634
1
134 125 4636
3
116 49 4639
71 39 4638
40 79 4637
1
165 123 4640
2
200 149 4642
114 172 4641
2
111 135 4644
66 20 4643
3
89 111 4647
83 26 4646
39 112 4645
0
1
152 73 4648
2
142 152 4650
101 78 4649
0
2
56 98 4652
47 110 4651
0
0
2
76 42 4654
59 62 4653
3
189 27 4657
81 36 4656
1 88 4655
1
33 110 4658
0
0
3
159 43 4661
80 205 4660
31 23 4659
1
144 149 4662
1
203 120 4663
1
118 134 4664
3
176 17 4667
123 167 4666
97 30 4665
0
2
97 164 4669
35 72 4668
0
1
190 74 4670
0
0
0
0
1
75 44 4671
2
137 160 4673
119 29 4672
1
197 99 4674
0
2
106 154 4676
55 99 4675
2
55 165 4678
33 75 4677
0
0
0
2
85 66 4680
51 109 4679
1
87 169 4681
0
0
1
133 19 4682
2
196 205 4684
47 113 4683
1
179 38 4685
0
0
2
94 185 4687
74 49 4686
1
46 105 4688
2
147 145 4690
30 187 4689
0
2
186 26 4692
0 128 4691
0
0
0
2
155 55 4694
26 198 4693
2
192 43 4696
8 99 4695
1
1 50 4697
1
172 56 4698
0
0
1
8 161 4699
1
105 14 4700
2
151 78 4702
33 143 4701
3
155 124 4705
22 187 4704
9 20 4703
1
33 206 4706
0
2
174 180 4708
37 142 4707
1
104 58 4709
0
1
60 92 4710
0
3
201 119 4713
177 98 4712
45 17 4711
2
100 72 4715
45 119 4714
2
168 130 4717
56 33 4716
0
0
2
111 172 4719
83 173 4718
0
2
140 33 4721
137 52 4720
1
32 72 4722
2
143 115 4724
28 8 4723
0
3
141 146 4727
108 14 4726
60 195 4725
1
34 26 4728
1
204 22 4729
1
71 28 4730
2
142 187 4732
70 6 4731
0
0
0
0
1
104 162 4733
1
99 147 4734
0
0
0
1
75 70 4735
1
171 95 4736
2
50 90 4738
2 14 4737
1
35 186 4739
1
92 23 4740
1
46 107 4741
1
91 110 4742
0
0
0
2
194 45 4744
102 134 4743
0
1
191 80 4745
2
105 30 4747
8 24 4746
1
155 165 4748
1
153 18 4749
1
147 80 4750
1
104 131 4751
1
117 186 4752
0
1
46 163 4753
3
126 100 4756
45 58 4755
34 19 4754
1
126 115 4757
0
0
0
3
156 56 4760
21 154 4759
11 28 4758
1
119 76 4761
0
1
143 99 4762
0
2
164 117 4764
61 11 4763
0
1
78 18 4765
1
48 23 4766
1
142 149 4767
1
93 60 4768
2
122 184 4770
47 124 4769
1
33 69 4771
2
201 113 4773
96 23 4772
0
1
146 9 4774
0
0
1
138 53 4775
1
9 146 4776
0
1
129 88 4777
1
124 114 4778
1
121 3 4779
1
167 45 4780
0
1
60 29 4781
1
114 31 4782
1
23 51 4783
1
204 18 4784
0
0
0
0
3
191 4 4787
123 0 4786
67 135 4785
1
125 100 4788
1
198 139 4789
1
150 105 4790
0
0
2
206 25 4792
103 46 4791
0
2
190 63 4794
32 131 4793
1
198 34 4795
1
94 111 4796
2
204 105 4798
5 90 4797
0
1
194 98 4799
0
1
29 126 4800
2
176 36 4802
99 6 4801
1
80 81 4803
1
128 94 4804
0
3
124 182 4807
24 205 4806
20 120 4805
2
177 130 4809
100 3 4808
2
189 150 4811
83 144 4810
1
29 40 4812
1
116 57 4813
0
0
2
97 151 4815
32 146 4814
2
47 203 4817
6 193 4816
2
91 12 4819
46 195 4818
2
121 66 4821
75 54 4820
2
110 139 4823
66 91 4822
0
1
23 72 4824
3
203 39 4827
145 97 4826
72 148 4825
0
1
126 3 4828
0
0
1
57 16 4829
1
55 66 4830
1
27 203 4831
1
8 193 4832
1
125 95 4833
1
77 30 4834
1
60 85 4835
1
68 95 4836
1
30 99 4837
1
89 129 4838
0
0
0
1
155 176 4839
2
56 134 4841
39 198 4840
1
89 154 4842
1
174 96 4843
0
2
186 141 4845
11 188 4844
1
36 96 4846
1
180 204 4847
1
139 193 4848
3
104 196 4851
69 123 4850
59 123 4849
1
73 98 4852
0
1
193 58 4853
0
2
130 128 4855
89 174 4854
2
52 97 4857
3 117 4856
0
0
2
127 74 4859
83 119 4858
0
1
153 109 4860
0
1
46 21 4861
2
177 154 4863
9 146 4862
3
146 176 4866
37 180 4865
7 203 4864
1
196 121 4867
1
44 16 4868
2
186 145 4870
30 194 4869
0
1
115 38 4871
5
193 106 4876
149 62 4875
144 126 4874
139 194 4873
12 144 4872
1
52 38 4877
0
0
2
197 114 4879
105 4 4878
1
45 194 4880
0
0
1
127 61 4881
2
18 174 4883
11 66 4882
0
1
4 146 4884
2
103 32 4886
101 96 4885
1
156 157 4887
1
19 103 4888
4
123 48 4892
36 71 4891
16 181 4890
3 159 4889
2
175 3 4894
58 177 4893
1
106 32 4895
0
1
144 73 4896
1
178 154 4897
0
0
2
59 182 4899
45 5 4898
1
146 4 4900
0
0
1
141 82 4901
0
1
148 200 4902
0
0
2
104 96 4904
5 71 4903
1
20 27 4905
1
22 153 4906
0
2
71 73 4908
46 137 4907
2
201 154 4910
33 202 4909
0
3
140 160 4913
77 104 4912
59 161 4911
2
179 178 4915
30 40 4914
2
3 9 4917
1 184 4916
4
205 142 4921
165 89 4920
122 131 4919
43 112 4918
2
192 118 4923
0 136 4922
0
0
1
166 144 4924
0
3
187 161 4927
118 40 4926
105 128 4925
1
169 18 4928
3
156 159 4931
119 112 4930
20 30 4929
1
120 62 4932
0
3
143 120 4935
116 15 4934
4 134 4933
0
0
1
94 23 4936
0
1
124 112 4937
0
1
37 0 4938
0
1
200 3 4939
0
0
1
102 151 4940
0
4
102 63 4944
86 117 4943
83 106 4942
11 19 4941
0
1
61 7 4945
0
1
60 108 4946
1
1 153 4947
2
189 198 4949
88 11 4948
1
77 96 4950
0
1
153 36 4951
0
2
184 157 4953
86 35 4952
0
1
154 9 4954
1
182 64 4955
0
0
0
0
3
184 53 4958
153 63 4957
137 160 4956
2
104 5 4960
34 137 4959
0
1
51 118 4961
0
2
99 22 4963
20 69 4962
3
157 117 4966
136 59 4965
76 174 4964
3
172 26 4969
116 158 4968
76 92 4967
0
1
101 185 4970
0
0
1
197 124 4971
2
136 33 4973
21 179 4972
1
194 77 4974
3
170 7 4977
156 161 4976
76 145 4975
0
1
14 163 4978
0
0
0
1
125 139 4979
0
0
3
159 144 4982
78 82 4981
19 29 4980
0
1
169 83 4983
0
1
55 75 4984
1
26 31 4985
0
1
154 91 4986
1
132 129 4987
1
167 160 4988
2
183 24 4990
144 77 4989
1
105 66 4991
0
0
0
1
204 100 4992
0
0
2
121 182 4994
118 93 4993
0
2
75 12 4996
18 101 4995
3
139 108 4999
60 154 4998
41 158 4997
2
185 42 5001
50 21 5000
2
149 91 5003
121 178 5002
1
151 200 5004
0
2
172 140 5006
151 174 5005
2
175 178 5008
142 35 5007
0
1
196 154 5009
2
94 140 5011
44 119 5010
1
46 130 5012
0
0
2
164 54 5014
8 177 5013
0
0
0
4
162 137 5018
81 78 5017
44 159 5016
12 176 5015
0
0
2
118 126 5020
54 116 5019
0
3
126 142 5023
121 181 5022
114 14 5021
1
109 142 5024
0
1
0 113 5025
0
1
84 132 5026
0
1
189 181 5027
1
173 180 5028
1
149 39 5029
1
127 97 5030
0
1
90 180 5031
0
1
134 24 5032
1
29 154 5033
0
0
0
1
13 125 5034
0
0
0
2
204 29 5036
71 123 5035
2
114 110 5038
47 32 5037
1
48 119 5039
1
132 194 5040
0
2
107 16 5042
19 41 5041
1
67 11 5043
2
148 52 5045
105 43 5044
0
5
201 74 5050
136 81 5049
118 39 5048
97 78 5047
17 21 5046
2
71 75 5052
61 124 5051
1
167 203 5053
1
3 37 5054
1
29 180 5055
0
1
166 114 5056
0
1
159 94 5057
3
113 195 5060
85 175 5059
40 136 5058
2
118 119 5062
1 20 5061
2
12 178 5064
1 94 5063
2
181 202 5066
15 205 5065
2
119 175 5068
66 96 5067
1
168 90 5069
0
0
1
159 56 5070
0
0
0
0
1
80 31 5071
1
99 68 5072
1
165 18 5073
3
52 156 5076
44 20 5075
17 180 5074
0
0
2
72 94 5078
62 17 5077
1
137 21 5079
0
0
0
3
62 57 5082
50 48 5081
0 67 5080
0
0
2
199 43 5084
72 150 5083
0
0
2
192 67 5086
45 56 5085
2
107 81 5088
97 128 5087
1
128 78 5089
0
0
0
1
164 139 5090
1
145 161 5091
1
30 187 5092
2
90 87 5094
87 56 5093
0
1
123 45 5095
1
59 32 5096
1
22 58 5097
0
2
181 128 5099
152 99 5098
1
99 81 5100
2
120 80 5102
3 137 5101
2
145 81 5104
101 112 5103
1
37 203 5105
1
187 87 5106
1
46 145 5107
0
0
0
1
162 106 5108
3
199 73 5111
170 79 5110
108 170 5109
1
153 17 5112
0
1
124 137 5113
0
0
1
30 90 5114
0
0
3
120 15 5117
114 201 5116
96 114 5115
3
73 149 5120
24 32 5119
11 28 5118
2
161 73 5122
75 145 5121
3
131 142 5125
101 82 5124
21 19 5123
0
1
197 76 5126
1
75 101 5127
1
9 121 5128
1
18 180 5129
0
1
194 195 5130
0
1
177 8 5131
2
204 151 5133
20 92 5132
0
1
117 71 5134
0
0
1
21 176 5135
0
2
192 86 5137
100 160 5136
2
95 23 5139
34 181 5138
1
158 141 5140
2
191 3 5142
184 104 5141
1
2 18 5143
1
2 194 5144
0
0
1
88 145 5145
2
134 106 5147
34 125 5146
1
46 172 5148
2
161 199 5150
97 199 5149
0
1
49 45 5151
1
13 176 5152
2
165 96 5154
31 109 5153
5
181 163 5159
177 57 5158
76 172 5157
24 201 5156
6 42 5155
0
1
90 173 5160
1
180 106 5161
0
1
174 151 5162
0
2
53 69 5164
7 71 5163
3
190 166 5167
146 198 5166
59 45 5165
2
140 21 5169
115 200 5168
0
0
1
44 37 5170
0
0
0
0
0
0
1
72 97 5171
0
1
204 0 5172
2
161 67 5174
19 52 5173
3
184 182 5177
180 44 5176
6 181 5175
0
1
114 121 5178
0
1
32 31 5179
2
198 46 5181
165 180 5180
0
0
2
186 82 5183
155 60 5182
1
146 24 5184
1
127 43 5185
1
69 7 5186
0
0
3
91 194 5189
24 69 5188
13 120 5187
0
0
2
35 75 5191
30 36 5190
0
1
39 49 5192
0
1
167 205 5193
1
193 58 5194
0
0
1
133 62 5195
1
192 70 5196
0
0
2
150 19 5198
60 162 5197
0
1
158 204 5199
1
157 64 5200
0
1
47 95 5201
2
147 60 5203
128 51 5202
3
202 44 5206
160 135 5205
47 185 5204
0
1
33 198 5207
1
115 74 5208
1
89 92 5209
1
41 80 5210
1
191 7 5211
3
90 65 5214
46 151 5213
13 117 5212
1
156 89 5215
0
3
115 49 5218
72 5 5217
3 104 5216
2
85 77 5220
57 49 5219
2
177 78 5222
49 95 5221
1
157 4 5223
2
153 113 5225
96 94 5224
1
106 178 5226
0
1
164 96 5227
2
123 0 5229
101 53 5228
0
0
0
1
31 71 5230
1
97 1 5231
3
198 77 5234
107 112 5233
5 61 5232
1
18 153 5235
0
1
61 112 5236
0
2
120 156 5238
45 108 5237
0
1
4 5 5239
0
1
166 187 5240
2
110 178 5242
34 197 5241
0
0
1
116 11 5243
1
4 88 5244
2
23 161 5246
1 38 5245
0
1
106 88 5247
1
64 115 5248
0
1
60 200 5249
1
7 205 5250
1
74 123 5251
0
1
128 111 5252
2
161 157 5254
12 194 5253
0
0
1
29 79 5255
1
96 132 5256
1
68 154 5257
1
142 190 5258
0
0
1
73 150 5259
0
0
0
1
142 74 5260
0
2
132 60 5262
76 201 5261
0
1
60 147 5263
2
143 10 5265
82 71 5264
0
2
193 89 5267
22 98 5266
1
48 180 5268
0
2
109 89 5270
65 80 5269
1
206 148 5271
4
178 120 5275
141 122 5274
83 170 5273
24 125 5272
1
18 127 5276
2
157 19 5278
72 5 5277
0
0
0
1
50 68 5279
1
67 123 5280
1
176 198 5281
3
206 20 5284
194 151 5283
96 191 5282
0
1
179 171 5285
1
39 145 5286
2
151 148 5288
48 1 5287
1
117 169 5289
0
1
194 20 5290
1
133 189 5291
1
70 178 5292
1
143 39 5293
4
139 99 5297
73 60 5296
5 104 5295
4 49 5294
2
177 194 5299
159 60 5298
1
58 16 5300
0
2
198 178 5302
136 205 5301
1
59 161 5303
0
0
2
137 130 5305
66 57 5304
0
1
30 91 5306
2
187 184 5308
29 35 5307
1
175 80 5309
0
2
180 130 5311
7 114 5310
2
204 39 5313
3 80 5312
1
72 139 5314
1
187 110 5315
0
2
150 168 5317
50 49 5316
0
1
146 109 5318
0
2
66 18 5320
61 93 5319
0
1
124 36 5321
0
0
0
1
77 146 5322
0
0
1
179 190 5323
0
3
94 176 5326
83 40 5325
43 192 5324
2
39 149 5328
6 180 5327
1
17 202 5329
3
189 127 5332
60 105 5331
42 79 5330
1
8 31 5333
2
185 131 5335
61 151 5334
2
198 153 5337
51 53 5336
2
181 104 5339
2 6 5338
2
60 165 5341
45 171 5340
0
3
140 155 5344
95 167 5343
47 187 5342
0
0
0
0
1
114 15 5345
1
187 123 5346
1
72 140 5347
2
77 9 5349
13 96 5348
1
6 59 5350
2
101 117 5352
41 204 5351
0
1
159 76 5353
2
96 193 5355
17 128 5354
1
101 72 5356
0
1
3 46 5357
0
0
2
168 65 5359
55 5 5358
1
121 70 5360
1
11 173 5361
0
1
178 120 5362
1
47 111 5363
0
0
0
2
124 21 5365
63 118 5364
2
166 22 5367
87 24 5366
3
60 30 5370
36 160 5369
17 111 5368
2
116 5 5372
113 117 5371
3
118 89 5375
74 120 5374
1 104 5373
2
180 205 5377
139 172 5376
1
64 32 5378
1
201 64 5379
2
185 54 5381
148 195 5380
0
2
98 127 5383
44 26 5382
1
128 51 5384
0
0
0
1
163 145 5385
1
84 136 5386
1
28 8 5387
0
0
2
183 85 5389
27 150 5388
2
62 88 5391
39 75 5390
0
1
17 119 5392
2
169 18 5394
73 38 5393
2
77 179 5396
36 66 5395
2
134 16 5398
67 114 5397
0
2
194 180 5400
170 42 5399
0
2
59 180 5402
21 121 5401
0
1
11 34 5403
1
128 144 5404
1
32 54 5405
0
1
142 47 5406
0
0
0
2
125 119 5408
62 185 5407
0
2
122 45 5410
32 142 5409
0
1
131 45 5411
1
25 75 5412
1
63 66 5413
0
2
157 198 5415
29 7 5414
0
1
180 165 5416
1
183 117 5417
1
112 160 5418
1
35 37 5419
0
2
136 96 5421
70 84 5420
1
2 152 5422
2
168 161 5424
146 162 5423
1
109 113 5425
0
2
60 6 5427
23 164 5426
0
1
118 176 5428
0
1
145 79 5429
0
1
123 182 5430
2
170 162 5432
108 163 5431
1
125 17 5433
1
47 38 5434
1
74 123 5435
1
113 85 5436
0
1
61 102 5437
2
146 13 5439
98 71 5438
1
75 148 5440
3
171 17 5443
113 204 5442
36 83 5441
1
107 44 5444
2
205 94 5446
74 32 5445
0
0
2
121 154 5448
69 87 5447
2
136 79 5450
25 1 5449
0
0
0
2
118 115 5452
16 206 5451
1
168 28 5453
1
134 110 5454
1
205 131 5455
2
203 185 5457
192 122 5456
1
142 30 5458
0
0
1
28 158 5459
1
173 165 5460
0
0
2
143 101 5462
122 134 5461
1
96 159 5463
0
1
194 144 5464
1
117 21 5465
0
1
53 37 5466
0
0
0
0
0
0
1
98 192 5467
2
180 39 5469
22 158 5468
2
154 158 5471
107 95 5470
2
153 64 5473
123 118 5472
0
1
53 86 5474
0
2
185 40 5476
83 189 5475
1
2 200 5477
1
74 26 5478
2
200 187 5480
177 123 5479
0
2
166 112 5482
46 95 5481
1
145 188 5483
0
1
114 128 5484
2
171 146 5486
75 131 5485
0
4
117 44 5490
96 122 5489
63 39 5488
53 202 5487
0
0
0
1
64 49 5491
0
1
134 35 5492
1
72 160 5493
1
7 56 5494
1
160 187 5495
1
138 157 5496
1
120 101 5497
2
164 111 5499
76 24 5498
1
138 8 5500
2
141 76 5502
3 31 5501
2
201 194 5504
128 153 5503
1
197 68 5505
0
3
81 62 5508
71 181 5507
27 89 5506
2
203 45 5510
69 93 5509
1
25 65 5511
1
45 129 5512
0
2
204 151 5514
130 164 5513
0
5
178 139 5519
150 62 5518
104 125 5517
95 203 5516
37 170 5515
1
72 197 5520
2
69 83 5522
32 84 5521
1
107 93 5523
2
72 124 5525
62 139 5524
2
189 178 5527
122 169 5526
1
40 118 5528
0
1
123 98 5529
1
115 14 5530
0
0
1
146 191 5531
0
1
38 126 5532
0
0
1
160 1 5533
0
1
0 186 5534
1
72 132 5535
1
16 2 5536
1
198 165 5537
2
191 5 5539
186 82 5538
0
1
63 157 5540
1
107 30 5541
1
66 122 5542
1
71 179 5543
1
11 148 5544
1
83 81 5545
2
84 46 5547
32 52 5546
0
3
161 66 5550
72 121 5549
7 25 5548
0
0
1
95 195 5551
0
1
170 171 5552
1
63 177 5553
1
26 132 5554
1
191 186 5555
0
0
0
1
137 63 5556
1
29 116 5557
2
163 93 5559
61 175 5558
0
4
163 8 5563
96 176 5562
81 32 5561
1 11 5560
1
86 121 5564
1
119 90 5565
0
0
0
0
1
119 128 5566
0
3
173 151 5569
79 134 5568
74 111 5567
0
1
61 49 5570
2
164 25 5572
5 66 5571
1
151 174 5573
1
35 57 5574
2
173 110 5576
156 50 5575
0
1
4 123 5577
0
0
0
0
1
149 107 5578
2
202 176 5580
185 99 5579
1
114 188 5581
0
3
173 150 5584
172 80 5583
146 27 5582
0
2
101 135 5586
45 42 5585
1
149 13 5587
1
55 76 5588
0
1
73 4 5589
0
1
17 36 5590
0
0
2
104 159 5592
59 146 5591
1
91 171 5593
2
194 176 5595
60 196 5594
0
0
0
2
102 187 5597
55 58 5596
2
35 49 5599
4 170 5598
1
162 41 5600
1
176 130 5601
0
1
105 29 5602
0
1
55 87 5603
0
0
2
116 147 5605
88 22 5604
2
179 57 5607
163 98 5606
0
1
120 5 5608
0
0
2
129 174 5610
82 168 5609
1
109 113 5611
0
1
16 173 5612
3
189 113 5615
179 157 5614
155 31 5613
0
0
0
5
164 94 5620
91 179 5619
46 63 5618
36 18 5617
24 1 5616
0
1
4 167 5621
2
162 170 5623
49 130 5622
0
1
202 153 5624
3
202 105 5627
103 198 5626
47 108 5625
0
2
35 132 5629
29 91 5628
0
0
1
107 36 5630
0
0
1
20 36 5631
2
132 183 5633
12 146 5632
0
0
1
171 65 5634
0
0
3
150 4 5637
81 19 5636
1 194 5635
1
44 5 5638
3
164 16 5641
143 177 5640
21 178 5639
1
85 158 5642
0
0
4
199 202 5646
188 63 5645
167 205 5644
20 42 5643
1
156 172 5647
3
107 116 5650
84 62 5649
13 129 5648
1
60 137 5651
2
72 110 5653
44 116 5652
4
84 90 5657
72 184 5656
14 82 5655
12 158 5654
1
60 89 5658
0
1
166 40 5659
0
0
1
200 3 5660
1
102 61 5661
0
2
167 55 5663
161 15 5662
2
65 144 5665
53 115 5664
2
169 21 5667
112 24 5666
0
0
0
3
177 16 5670
32 15 5669
11 43 5668
0
1
194 129 5671
3
206 29 5674
164 157 5673
16 153 5672
6
136 78 5680
116 194 5679
75 187 5678
55 132 5677
45 154 5676
9 163 5675
0
0
0
0
2
61 201 5682
26 104 5681
3
193 94 5685
81 38 5684
49 56 5683
1
155 61 5686
1
28 149 5687
0
1
91 119 5688
2
152 58 5690
107 186 5689
1
60 41 5691
1
122 98 5692
0
1
151 189 5693
4
169 25 5697
136 115 5696
33 13 5695
4 73 5694
1
127 176 5698
0
2
160 24 5700
32 193 5699
1
39 34 5701
1
38 79 5702
1
177 90 5703
2
116 123 5705
39 173 5704
2
87 134 5707
29 132 5706
0
0
0
4
90 107 5711
49 81 5710
41 13 5709
38 88 5708
0
4
108 17 5715
93 163 5714
45 18 5713
28 109 5712
3
79 105 5718
76 177 5717
64 13 5716
0
2
192 11 5720
191 85 5719
0
1
40 39 5721
0
1
44 73 5722
0
2
197 22 5724
28 199 5723
2
176 177 5726
139 128 5725
0
0
1
49 195 5727
1
185 184 5728
1
184 175 5729
0
0
1
172 149 5730
1
22 203 5731
3
69 34 5734
42 182 5733
31 94 5732
2
123 177 5736
27 173 5735
0
2
95 187 5738
58 47 5737
1
151 42 5739
0
3
71 174 5742
19 95 5741
11 49 5740
2
52 122 5744
4 15 5743
1
72 73 5745
0
2
187 145 5747
46 197 5746
1
42 137 5748
1
166 40 5749
1
105 138 5750
1
45 24 5751
0
0
0
1
5 177 5752
1
67 116 5753
1
202 9 5754
1
25 140 5755
1
74 71 5756
1
62 95 5757
1
103 190 5758
2
66 70 5760
60 165 5759
1
93 56 5761
0
3
156 189 5764
139 8 5763
43 192 5762
0
0
1
154 0 5765
0
2
102 172 5767
82 41 5766
0
0
0
1
160 52 5768
0
1
158 111 5769
3
195 15 5772
92 144 5771
72 0 5770
0
2
162 157 5774
13 56 5773
1
177 150 5775
2
186 81 5777
148 87 5776
1
179 47 5778
3
200 103 5781
116 11 5780
84 36 5779
3
182 67 5784
162 158 5783
44 67 5782
1
109 136 5785
1
121 102 5786
2
129 174 5788
15 81 5787
2
32 152 5790
9 42 5789
0
1
121 147 5791
2
139 68 5793
136 69 5792
4
152 42 5797
105 174 5796
41 200 5795
7 63 5794
0
0
1
179 60 5798
1
45 104 5799
1
126 14 5800
1
58 48 5801
0
2
121 81 5803
86 132 5802
1
193 79 5804
1
69 139 5805
1
181 183 5806
1
171 129 5807
0
2
197 95 5809
152 84 5808
0
0
1
30 40 5810
0
0
0
0
1
82 131 5811
3
163 204 5814
52 191 5813
45 74 5812
2
156 31 5816
148 140 5815
0
0
1
8 14 5817
1
42 56 5818
1
159 4 5819
1
193 186 5820
1
73 62 5821
0
0
1
110 84 5822
2
175 113 5824
156 176 5823
2
103 164 5826
32 75 5825
1
58 186 5827
1
163 155 5828
2
33 5 5830
28 49 5829
2
73 174 5832
9 118 5831
1
120 36 5833
1
87 188 5834
0
0
2
201 186 5836
38 110 5835
1
89 35 5837
0
3
177 56 5840
155 26 5839
24 185 5838
0
1
106 70 5841
1
81 133 5842
1
21 59 5843
3
200 142 5846
123 206 5845
106 138 5844
1
167 101 5847
3
75 35 5850
25 1 5849
4 170 5848
0
0
2
104 78 5852
18 47 5851
2
113 134 5854
93 21 5853
2
174 148 5856
26 100 5855
0
1
33 71 5857
0
1
114 121 5858
2
114 129 5860
97 148 5859
1
201 149 5861
0
1
19 109 5862
4
188 133 5866
169 105 5865
61 48 5864
35 171 5863
0
1
73 197 5867
1
16 187 5868
2
178 160 5870
1 146 5869
1
35 68 5871
0
1
113 43 5872
0
1
48 116 5873
0
0
1
156 50 5874
0
0
1
113 64 5875
3
176 190 5878
88 18 5877
20 33 5876
0
0
5
206 78 5883
157 169 5882
113 111 5881
74 56 5880
66 8 5879
0
1
60 196 5884
1
98 79 5885
1
184 141 5886
1
130 31 5887
0
0
1
37 52 5888
0
0
1
70 199 5889
2
159 178 5891
30 55 5890
1
178 200 5892
0
2
200 7 5894
191 69 5893
0
0
3
194 57 5897
128 81 5896
83 187 5895
1
68 145 5898
0
0
1
118 38 5899
0
1
44 138 5900
1
195 159 5901
1
75 143 5902
0
3
82 12 5905
52 73 5904
27 43 5903
2
85 28 5907
54 109 5906
0
2
194 92 5909
61 91 5908
1
24 99 5910
2
106 179 5912
18 97 5911
2
176 73 5914
172 205 5913
1
169 174 5915
1
102 121 5916
3
108 93 5919
59 12 5918
23 19 5917
0
1
123 193 5920
1
156 125 5921
0
2
74 152 5923
62 123 5922
2
88 105 5925
55 39 5924
1
116 163 5926
1
197 196 5927
0
0
0
0
0
1
3 43 5928
1
65 177 5929
2
118 189 5931
108 132 5930
2
135 141 5933
59 67 5932
1
110 16 5934
0
0
2
29 132 5936
22 183 5935
0
1
60 125 5937
1
46 52 5938
0
1
11 187 5939
0
1
40 171 5940
1
21 137 5941
2
115 131 5943
3 26 5942
1
33 150 5944
0
4
157 11 5948
147 35 5947
66 188 5946
46 103 5945
1
190 54 5949
2
138 130 5951
46 58 5950
0
0
1
27 112 5952
2
196 30 5954
86 167 5953
2
159 150 5956
106 61 5955
0
1
74 38 5957
0
0
1
46 17 5958
0
2
94 156 5960
27 52 5959
2
190 201 5962
18 165 5961
2
192 65 5964
152 136 5963
0
1
133 40 5965
3
110 53 5968
38 19 5967
6 116 5966
0
0
0
1
182 203 5969
1
101 77 5970
1
101 85 5971
2
135 151 5973
10 53 5972
1
76 86 5974
0
2
205 112 5976
55 101 5975
1
91 92 5977
2
32 4 5979
15 29 5978
2
185 167 5981
55 83 5980
2
116 135 5983
44 153 5982
3
191 13 5986
77 169 5985
60 81 5984
2
79 189 5988
37 11 5987
0
0
0
0
1
166 176 5989
0
0
1
98 54 5990
1
124 195 5991
1
7 191 5992
1
75 28 5993
0
1
34 94 5994
1
28 182 5995
1
96 98 5996
3
136 133 5999
104 145 5998
68 30 5997
3
184 169 6002
82 148 6001
50 71 6000
0
0
0
0
1
54 162 6003
1
151 167 6004
1
99 109 6005
1
60 108 6006
1
25 166 6007
1
10 102 6008
0
1
76 139 6009
1
146 144 6010
1
36 54 6011
0
1
163 73 6012
2
136 140 6014
93 8 6013
1
114 6 6015
0
2
144 79 6017
106 57 6016
2
117 39 6019
61 99 6018
1
46 153 6020
1
169 62 6021
1
38 205 6022
2
161 1 6024
58 195 6023
0
0
0
0
1
196 65 6025
1
46 76 6026
0
1
120 202 6027
1
112 86 6028
2
72 80 6030
29 199 6029
3
137 51 6033
135 160 6032
118 26 6031
1
28 105 6034
1
8 38 6035
1
72 41 6036
0
0
0
1
109 198 6037
0
1
116 76 6038
1
57 161 6039
2
179 195 6041
2 147 6040
2
170 118 6043
78 148 6042
2
77 129 6045
10 180 6044
1
61 179 6046
0
1
31 158 6047
2
187 174 6049
172 155 6048
0
0
1
20 58 6050
0
1
117 3 6051
1
7 89 6052
1
204 187 6053
1
159 117 6054
2
146 50 6056
39 87 6055
2
100 150 6058
23 153 6057
0
1
93 166 6059
1
144 77 6060
3
113 111 6063
74 162 6062
45 128 6061
0
0
5
177 140 6068
83 184 6067
61 137 6066
58 34 6065
22 68 6064
0
2
185 140 6070
165 74 6069
0
2
95 169 6072
44 159 6071
5
70 36 6077
69 3 6076
25 13 6075
18 91 6074
3 198 6073
1
181 76 6078
1
7 77 6079
0
1
13 79 6080
1
37 201 6081
1
110 70 6082
0
3
181 35 6085
69 148 6084
30 180 6083
1
46 52 6086
1
92 148 6087
0
2
73 116 6089
44 0 6088
1
104 93 6090
0
0
1
136 85 6091
2
161 69 6093
124 82 6092
2
99 118 6095
71 43 6094
0
0
3
190 35 6098
155 73 6097
126 65 6096
3
206 10 6101
104 75 6100
49 172 6099
2
26 200 6103
1 99 6102
1
167 128 6104
1
120 193 6105
1
107 206 6106
0
0
0
0
0
0
0
0
0
0
0
0
0
0
0
0
0
0
0
0
0
0
0
0
0
0
0
0
0
0
0
0
0
0
0
0
0
0
0
0
0
0
0
0
0
0
0
0
0
0
0
0
0
0
0
0
0
0
0
0
0
0
0
0
0
0
0
0
0
0
0
0
0
0
0
0
0
0
0
0
0
0
0
0
0
0
0
0
0
0
0
0
0
0
0
0
0
0
0
0
0
0
0
0
0
0
0
0
0
0
0
0
0
0
0
0
0
0
0
0
0
0
0
0
0
0
0
0
0
0
0
0
0
0
0
0
0
0
0
0
0
0
0
0
0
0
0
0
0
0
0
0
0
0
0
0
0
0
0
0
0
0
0
0
0
0
0
0
0
0
0
0
0
0
0
0
0
0
0
0
0
0
0
0
0
0
0
0
0
0
0
0
0
0
0
0
0
0
0
0
0
0
0
0
0
0
0
0
0
0
0
0
0
0
0
0
0
0
0
0
0
0
0
0
0
0
0
0
0
0
0
0
0
0
0
0
0
0
0
0
0
0
0
0
0
0
0
0
0
0
0
0
0
0
0
0
0
0
0
0
0
0
0
0
0
0
0
0
0
0
0
0
0
0
0
0
0
0
0
0
0
0
0
0
0
0
0
0
0
0
0
0
0
0
0
0
0
0
0
0
0
0
0
0
0
0
0
0
0
0
0
0
0
0
0
0
0
0
0
0
0
0
0
0
0
0
0
0
0
0
0
0
0
0
0
0
0
0
0
0
0
0
0
0
0
0
0
0
0
0
0
0
0
0
0
0
0
0
0
0
0
0
0
0
0
0
0
0
0
0
0
0
0
0
0
0
0
0
0
0
0
0
0
0
0
0
0
0
0
0
0
0
0
0
0
0
0
0
0
0
0
0
0
0
0
0
0
0
0
0
0
0
0
0
0
0
0
0
0
0
0
0
0
0
0
0
0
0
0
0
0
0
0
0
0
0
0
0
0
0
0
0
0
0
0
0
0
0
0
0
0
0
0
0
0
0
0
0
0
0
0
0
0
0
0
0
0
0
0
0
0
0
0
0
0
0
0
0
0
0
0
0
0
0
0
0
0
0
0
0
0
0
0
0
0
0
0
0
0
0
